0.018067 132
1.781111 1
0.536659 1
0.452649 1
0.251105 1
0.100848 1
0.190869 1
0.321917 2
1.590343 1
0.154265 1
0.485635 1
0.378730 2
1.967649 43
21.261107 1
0.556481 1
0.538474 1
0.166891 1
0.407640 1
0.399747 2
0.004314 551
13.053869 1
0.180712 1
0.095315 1
0.314035 1
0.092348 1
0.166409 1
0.137717 1
0.274864 2
0.028682 55
1.382399 1
0.235381 1
0.371734 1
0.312505 1
0.210611 1
0.327283 2
0.004756 650
3.138591 1
0.554059 4
2.764310 1
0.205783 1
0.469552 1
0.224536 2
0.032083 145
1.523053 1
0.366970 1
0.593047 1
0.401140 1
0.105095 1
0.478052 4
1.735010 1
0.844201 1
0.325646 1
0.363739 7
0.482726 1
0.349112 1
0.401938 4
0.184657 4
0.144726 4
0.141674 4
0.142527 1
0.358510 4
0.148569 4
0.442717 1
0.395239 2
0.028920 99
8.098830 1
1.540851 1
0.291593 1
0.240183 1
0.213595 5
3.593610 1
1.011227 1
0.606455 1
1.650801 1
0.835094 1
0.154246 1
0.280198 1
1.932407 1
0.463422 1
0.888213 1
0.241663 1
0.261717 1
0.172060 1
0.529096 1
0.317413 1
0.635132 1
0.434202 4
0.669903 1
0.519823 2
0.031789 94
1.154437 1
0.247280 1
0.079350 1
0.356767 2
0.009001 194
1.167951 1
0.713875 1
0.636351 1
0.339647 2
0.014404 200
2.247560 1
0.230965 1
1.667610 1
0.737716 1
0.383948 5
4.383683 1
0.701605 4
0.339779 1
0.278775 1
0.567782 1
0.943134 1
0.128050 1
0.270189 1
0.342973 1
0.974009 1
0.785886 1
0.315677 1
0.410267 1
0.204508 1
0.215884 1
0.206522 1
0.827314 1
0.327379 1
0.274611 1
0.254949 1
0.151539 1
0.526937 1
3.710189 1
0.131740 1
0.639912 1
0.383408 1
0.092368 1
0.228550 1
0.294353 1
0.395422 2
0.007814 122
3.957213 36
0.390626 1
0.499633 1
0.030172 1
0.029632 1
0.030180 1
0.029600 1
0.030881 1
0.029471 1
0.030210 1
0.029604 1
0.030050 1
0.030668 1
0.029814 1
0.030843 1
0.029769 1
0.029900 1
0.030897 1
0.030332 1
0.030120 1
0.030191 1
0.030081 1
0.030067 1
0.030046 1
0.030954 1
0.207557 1
0.190187 1
0.159182 1
0.186952 5
0.476247 5
0.181486 5
0.328683 2
0.027542 37
0.003452 47
15.773655 1
0.382783 1
0.421983 1
0.411673 1
0.368929 1
0.151967 1
0.715468 4
0.666583 1
0.404792 4
0.084256 1
0.335909 3
0.947850 1
0.166510 1
0.251820 1
0.309444 1
0.199459 1
0.534894 1
0.387625 4
0.138529 1
1.530121 1
0.872302 1
0.529852 4
0.160022 4
0.533524 1
0.664815 1
0.745036 1
0.510896 1
0.725038 1
0.119613 4
0.369717 8
1.851898 2
0.006326 626
0.072005 47
2.406590 1
0.255501 1
0.222625 1
0.183625 1
0.260188 1
0.234318 1
0.742051 1
0.088641 1
0.227669 1
0.260446 1
0.162517 1
0.856863 1
0.149333 1
0.554121 1
0.400623 1
0.162140 1
0.364106 3
0.661537 1
0.310214 4
0.169066 4
3.461033 1
0.278069 8
0.724121 1
1.003802 1
0.178723 1
0.151304 1
0.978925 4
0.150378 4
1.341404 1
0.320218 1
0.263142 1
0.447257 2
0.006920 88
0.762958 32
0.236739 1
0.171384 1
0.353443 1
0.183837 11
0.265357 2
0.011614 47
1.177409 1
0.125653 1
0.716332 1
0.151044 1
0.858176 1
0.206188 1
0.348514 1
9.206332 1
0.773580 1
0.609261 1
0.125080 1
0.535227 1
0.216790 1
0.317322 1
0.601136 2
19.064902 47
1.876734 74
1.147717 2
0.072937 47
6.067731 12
0.903009 2
0.927888 15
0.000471 22
5.157081 38
0.896269 2
0.851545 40
0.278894 60
0.045480 67
1.553341 35
9.951243 116
1.265087 2
0.490242 102
0.566290 94
0.090085 95
0.006095 92
0.028926 105
0.034359 98
0.209342 94
0.014874 95
0.004085 92
0.004272 105
0.006186 98
0.072811 32
0.005394 39
0.031703 32
0.636695 31
1.140324 36
0.995165 30
0.141434 44
0.001743 52
0.001550 33
0.091514 42
1.117316 24
6.770883 31
0.236608 44
0.001588 34
0.001469 53
0.101137 32
0.006561 34
0.016278 40
0.048973 36
0.075225 38
0.129269 49
0.387082 42
0.047340 39
0.035080 35
1.352555 36
0.011705 32
0.255598 34
0.116207 36
0.113752 32
0.116721 60
0.302665 65
0.122559 43
1.156399 47
0.389017 27
0.853676 32
0.002085 25
0.948234 30
0.002046 56
0.047918 46
0.002142 47
0.004215 29
4.348307 34
3.157425 92
0.148344 19
0.049674 17
2.560083 1
0.293776 1
0.399863 1
0.333875 1
1.027643 1
0.204143 1
0.166189 1
0.578145 1
0.439793 2
0.061571 1078
9.769045 1
0.503942 1
0.158422 1
0.875589 1
1.006736 1
0.687157 1
0.362016 3
1.434001 1
0.324834 1
0.663128 3
0.754779 1
0.302296 1
0.395686 1
0.725683 1
0.101821 4
0.877566 1
0.134062 4
0.320072 2
0.088552 93
0.000381 690
3.883689 1497
4.619577 6
0.499879 6
0.029211 6
0.030888 6
0.028895 6
0.031013 6
0.030895 6
0.029293 7
0.029928 7
0.030684 7
0.030104 7
0.029303 2
0.030307 7
0.029773 7
0.030099 2
0.029712 7
0.323186 7
0.499211 7
0.030049 7
0.030392 7
0.029682 7
0.029828 7
0.029756 7
0.029972 7
0.030341 6
0.030359 6
0.030326 6
0.030164 6
0.167334 6
0.500101 6
0.029557 6
0.030296 7
0.029660 7
0.029932 7
0.030566 7
0.030028 2
0.029925 7
0.030383 7
0.030279 2
0.030336 7
0.029813 7
0.029597 2
0.029689 7
0.030837 7
0.030019 2
0.029704 7
0.030331 7
0.030141 2
0.031246 7
0.030252 7
0.030245 7
0.029523 7
0.030714 88
0.031047 48
0.030196 90
0.030439 102
0.029743 92
0.030169 120
0.030207 86
0.029780 3
0.029623 88
0.030221 1
0.029852 1
0.030474 1
0.030912 1
0.029779 1
0.030705 1
0.030551 1
0.029267 1
0.030731 1
0.030368 1
0.196379 7
0.500722 7
0.030565 7
0.028860 7
0.030634 7
0.030743 7
0.029492 7
0.030228 7
0.030491 7
0.030780 7
0.030324 7
0.029737 7
0.029654 7
0.030165 7
0.029380 7
0.030607 7
0.030157 7
0.029584 7
0.030019 7
0.029601 7
0.030798 7
0.030742 7
0.029826 6
0.271650 6
0.168003 6
0.207109 6
0.146274 6
1.058497 47
0.602518 4
0.499819 1
0.030278 1
0.029587 1
0.029897 1
0.030269 1
0.029648 1
0.029999 1
0.030490 1
0.029976 1
0.029953 1
0.030486 1
0.030422 1
0.029538 1
0.031084 1
0.030790 1
0.031024 1
0.031050 1
0.030342 1
0.029873 1
0.030055 1
0.030104 1
0.030942 1
0.030583 1
0.029671 1
0.030325 1
0.029731 1
0.029897 1
0.030129 1
0.029713 1
0.030277 1
0.029466 1
0.030209 1
0.030499 1
0.029762 1
0.030621 1
0.030981 1
0.030645 1
0.029691 1
0.029919 1
0.030511 1
0.030180 1
0.030990 1
0.031042 1
0.030473 1
0.030314 1
0.030150 1
0.030174 1
0.030047 1
0.030050 1
0.030004 1
0.029839 1
0.030740 1
0.029515 1
0.029629 1
0.031355 1
0.029095 1
0.029626 1
0.030217 1
0.030323 1
0.030061 1
0.029797 1
0.029603 1
0.030571 1
0.031001 1
0.029834 1
0.029688 1
0.030387 1
0.029583 1
0.030687 1
0.029541 1
0.030764 1
0.030467 1
0.029706 1
0.029731 1
0.030413 1
0.030259 1
0.029469 1
0.030494 1
0.029751 1
0.030652 1
0.030644 1
0.029392 1
0.030385 1
0.030106 1
0.030438 1
0.030489 1
0.030520 1
0.030100 1
0.030095 1
0.030096 1
0.030353 1
0.030771 1
0.029555 1
0.030890 1
0.029793 1
0.029943 1
0.030029 1
0.030332 1
0.030310 1
0.030858 1
0.030135 1
0.030383 1
0.030244 1
0.030052 1
0.029401 1
0.029705 1
0.030446 1
0.029877 1
0.030613 1
0.030116 1
0.030028 1
0.030394 1
0.030409 1
0.029609 1
0.030218 1
0.029363 1
0.029938 1
0.030797 1
0.030989 1
0.030113 1
0.030780 1
0.029984 1
0.029374 1
0.030531 1
0.030322 1
0.030184 1
0.030063 1
0.030239 1
0.029929 1
0.030042 1
0.030273 1
0.030137 1
0.030259 1
0.030636 1
0.030161 1
0.030552 1
0.030167 1
0.030224 1
0.029434 1
0.030472 1
0.030166 1
0.030738 2
0.029845 1
0.030320 1
0.030237 1
0.029188 1
0.030066 1
0.029905 1
0.030922 1
0.028876 1
0.030894 1
0.029145 1
0.030557 1
0.029711 1
0.030900 1
0.030891 1
0.030605 1
0.030256 1
0.029868 1
0.030309 1
0.030703 1
0.030166 1
0.031082 1
0.030675 1
0.030421 1
0.030707 1
0.029350 1
0.030887 1
0.029849 1
0.030686 1
0.029456 1
0.030519 1
0.030395 1
0.029153 1
0.030836 1
0.031058 1
0.030411 1
0.030157 1
0.030354 1
0.030117 1
0.030143 1
0.030386 1
0.030101 1
0.030379 1
0.030261 1
0.029850 1
0.030208 1
0.030105 1
0.029416 1
0.030168 1
0.029892 1
0.030905 1
0.029389 1
0.030729 1
0.030733 1
0.029643 1
0.029654 1
0.383217 1
0.775253 86
0.207209 86
0.572563 86
0.489192 86
0.198748 86
0.166907 86
0.303676 86
2.755845 85
0.499964 84
0.030406 83
0.029758 82
0.029323 81
0.029978 80
0.030423 79
0.209607 78
0.252319 77
0.272340 76
0.509306 1
0.245065 74
0.208202 73
0.168366 72
0.146278 71
0.153917 70
0.167937 69
0.188127 68
3.638801 67
1.406196 67
0.402513 67
1.895745 67
1.974997 67
0.145334 67
0.229775 67
0.338832 67
7.703196 7
0.282863 7
0.209082 51
0.176031 208
0.172196 95
0.184457 68
0.177334 57
0.187564 64
0.193618 58
0.301689 66
0.500277 57
0.031013 300
0.030833 81
0.030693 47
0.030953 79
0.030294 49
0.030658 49
0.031218 85
0.030202 64
1.558640 68
0.501136 82
0.030822 72
0.030735 81
0.030694 81
0.031135 210
0.547488 19
0.714697 44
0.157465 1
0.253747 1
0.172491 23
0.001151 70
0.067288 17
1.465267 1
0.256995 1
0.221118 1
0.781212 4
0.500750 4
0.031563 4
0.029950 1
0.029770 1
0.029433 1
0.030582 1
0.689131 53
1.203671 1
0.219941 1
0.299250 1
0.430669 1
0.165513 1
0.302198 1
0.481361 2
0.094322 83
0.001088 132
21.322461 11
0.676325 2
9.001964 62
0.001007 132
5.646172 11
0.505380 2
2.186537 53
0.249624 18
0.002652 25
1.113593 1
0.225809 1
0.576049 1
0.377272 1
0.213514 1
1.297715 2
0.098272 693
12.085470 1
0.313495 1
3.604879 4
0.217850 4
0.601966 1
0.734304 1
0.769709 1
0.122527 285
1.252439 1
0.290355 1
0.895051 1
0.545793 65
0.834550 1
0.216612 4
1.197139 1
1.208406 4
1.687922 1
0.380059 1
0.433768 1
0.730376 1
0.314911 1
0.692484 1
0.667645 1
0.139357 1
0.547304 2
0.010082 589
0.952049 17
1.018828 4
0.499885 4
0.030287 4
0.029870 4
0.030207 4
0.030224 4
0.030826 4
0.028739 4
0.030605 4
0.029653 4
0.030495 4
0.030920 4
0.031165 4
0.031063 4
0.029801 4
0.030548 4
0.029895 4
0.030520 1
0.029399 1
0.030786 1
0.030612 1
0.029896 1
0.030225 1
0.030089 1
0.029779 1
0.118240 1
0.359331 1
0.055905 1
0.207742 1
0.221547 1
0.797117 1
0.046227 1
0.264411 2
0.207345 55
2.225393 1
0.403593 1
0.368810 1
0.163605 1
0.257868 1
0.265755 1
0.387902 4
0.309088 1
0.198875 3
1.303216 1
0.290376 1
0.403066 1
0.399372 1
0.443315 1
0.200051 1
0.288048 1
0.167857 1
0.386156 2
0.009165 124
2.442456 17
0.539862 4
0.176695 4
0.151679 4
0.146763 4
0.152049 4
0.167679 4
0.170075 4
0.251952 4
0.270505 1
0.256910 1
0.219250 1
0.299813 1
0.233622 1
3.071623 1
1.650139 18
1.495243 1
0.426180 2
0.007522 79
1.705092 1
1.383854 2
0.178490 50
0.002446 47
3.592669 1
0.365442 1
0.341465 1
0.457676 1
0.104579 1
0.306084 1
1.054369 1
0.168389 1
0.543118 1
0.700913 1
0.633027 4
1.549604 1
0.493705 1
0.260349 1
0.512690 1
0.677899 1
0.653729 1
0.483643 1
0.407538 1
0.235192 1
0.390273 1
0.199115 1
1.076901 1
3.164117 1
0.757266 1
1.223358 1
0.321757 1
1.409706 1
1.147141 1
0.907137 1
0.319084 1
2.439127 4
0.178922 4
0.166043 4
3.989354 1
0.472823 1
0.260123 1
0.281554 1
0.957254 1
0.366627 1
0.531498 1
0.245252 1
0.323647 1
1.670415 1
0.170504 1
0.507923 2
0.005091 139
3.534625 36
1.342860 1
0.499558 1
0.030316 1
0.029451 1
0.030458 1
0.029869 1
0.030791 1
0.030552 1
0.030235 1
0.030779 1
0.030503 1
0.030597 1
3.832792 1
1.629410 3
7.058992 1
0.147966 1
0.139470 1
0.731039 5
0.449404 2
0.063672 89
1.930994 1
1.257691 2
0.000432 53
0.004621 38
0.002192 47
1.661007 1
0.437730 1
0.959893 1
0.416283 1
0.916286 4
0.499134 4
0.030405 4
0.030836 4
0.929977 1
0.966076 1
0.338712 1
0.237083 2
0.008610 423
3.392481 1
0.259367 1
0.257645 1
0.262388 1
0.146316 1
0.437904 1
0.774906 1
0.256041 2
0.993263 1
0.212449 1
0.218890 1
0.350617 1
0.275567 1
1.260973 1
0.360353 1
0.831813 1
0.202861 1
0.914344 1
0.375760 1
0.736964 1
0.319000 1
0.158437 1
0.875737 1
0.148804 1
2.364473 1
3.352436 4
0.500460 4
0.030580 4
0.029691 4
0.029869 4
0.030941 4
0.029046 4
0.030958 4
0.029407 4
0.506223 20
1.733416 36
0.481483 4
0.499761 4
0.029700 4
0.030383 4
0.030758 4
0.028355 4
0.030309 4
0.030840 4
0.029782 4
0.030900 4
0.029360 4
0.030819 4
0.029333 4
0.030256 4
0.029618 4
0.030778 4
0.030096 4
0.030579 4
0.029906 4
0.029459 4
0.031048 4
0.030418 4
0.030114 4
0.029781 4
0.030281 4
0.029714 4
0.030382 4
0.029274 4
0.030930 4
0.030500 4
0.030005 4
0.029977 4
0.030634 4
0.029167 4
0.030320 4
0.029546 4
0.030461 4
0.746166 1
0.220793 1
0.707770 1
0.113877 1
0.469374 4
0.062714 1
0.218235 1
0.812295 1
0.197934 1
0.202040 1
0.334077 1
0.172994 1
0.609960 1
0.217012 1
0.284907 1
0.132477 1
0.428930 1
0.485819 1
0.397865 1
0.275916 1
0.220553 4
0.273915 1
0.180479 8
1.260642 1
0.213127 1
0.193074 6
1.066563 1
0.400024 2
0.047943 628
0.017849 47
1.880495 1
0.266476 1
0.243607 1
0.174787 1
0.366238 1
0.627805 1
0.652970 1
0.636009 1
0.258726 1
0.328268 1
0.210047 1
1.358287 1
0.571495 1
0.276387 1
0.416451 8
1.681127 1
0.265720 1
0.201442 6
1.049775 1
0.385668 1
0.208248 1
0.632724 1
0.267223 1
0.293360 1
0.902407 2
0.014143 47
3.381659 35
0.334246 100
0.241331 67
0.222801 36
0.217462 65
0.242324 102
0.198055 37
0.198947 41
0.210969 74
0.232907 33
0.275681 148
0.351298 104
0.431215 1
0.364362 1
0.420645 4
0.500539 4
0.030209 4
0.029778 4
0.032009 4
0.028933 4
0.030509 4
0.030216 4
0.029868 4
0.030686 4
0.030304 4
0.030227 4
0.030632 4
0.030717 4
0.029560 4
0.030858 4
0.029938 4
0.029634 4
0.029831 4
0.030369 4
0.030274 4
0.030244 4
0.030105 4
0.030332 4
0.029784 4
0.030188 4
0.029960 4
0.029807 4
0.030603 4
0.030517 4
0.030165 4
0.029934 4
0.029772 4
0.030592 4
0.029548 4
0.030090 4
0.030033 4
0.030870 4
0.028850 1
0.271370 1
0.132767 1
0.716814 4
0.162134 4
0.154691 1
0.949765 1
0.138967 1
0.199085 1
1.045416 1
0.709376 1
0.458416 1
0.373528 1
0.287710 1
0.560972 1
0.156525 1
0.610874 1
0.210371 1
0.274355 1
0.641561 2
25.274305 47
1.891430 74
0.993233 2
0.349739 27
0.000263 20
4.826454 12
1.027879 2
0.289789 15
0.000122 22
5.247168 38
1.243111 2
0.151328 40
0.063089 60
0.010873 67
0.745983 35
5.099601 116
1.976090 2
0.063115 102
0.288489 94
0.032448 95
0.005672 92
0.005635 105
0.023064 98
0.081260 94
0.015376 95
0.004701 92
0.004312 105
0.006286 98
0.062316 32
0.005473 39
0.008287 32
1.708748 31
0.863886 36
0.310693 30
0.046080 44
0.001619 52
0.001590 33
0.065473 42
0.846676 24
4.742577 31
0.119489 44
0.001614 34
0.001405 53
0.034800 32
0.006667 34
0.006727 40
0.008438 36
0.009579 38
0.011075 49
0.178027 42
0.014597 39
0.014881 35
0.228264 36
0.004931 32
0.040141 34
0.036169 36
0.042039 32
0.064296 60
0.162469 65
0.011435 43
0.573831 47
0.012068 27
0.106579 32
0.002322 25
0.119273 30
0.001957 56
0.007957 46
0.001863 47
0.004123 29
4.452815 34
3.099387 92
0.038152 19
0.000120 17
2.777231 6
0.050077 47
0.749249 1
0.236348 1
0.174793 1
0.451576 1
0.136098 1
0.300501 1
0.554514 2
2.301916 83
0.000992 132
18.808767 11
0.415644 2
7.792171 62
0.000905 132
5.455708 11
0.342012 2
1.948100 53
0.030912 18
0.000167 25
5.284400 1
0.297875 1
0.220114 1
0.291389 1
0.198291 1
0.341701 2
0.005571 693
10.120588 1
0.179524 1
0.839806 1
0.074139 1
0.556958 1
0.248966 4
0.826925 1
0.737153 1
0.451421 1
0.470951 1
0.384887 1
0.242037 1
0.281655 1
0.732542 1
1.551326 2
0.007750 342
1.393372 17
0.252941 1
0.500077 1
0.029491 1
0.030302 1
0.031137 1
0.029212 1
0.030345 1
0.029686 1
0.031066 1
0.028811 1
0.031347 1
0.029328 1
0.030037 1
0.029672 1
0.030260 1
0.030309 1
0.029720 1
0.030630 1
0.211892 5
0.324436 5
0.085534 5
0.166093 5
0.151701 5
0.680232 2
0.148489 57
0.000313 35
8.368448 1
0.186955 1
0.083471 1
0.208104 1
0.293351 1
0.321788 1
0.328876 1
0.390968 2
0.026426 55
1.080933 1
0.159634 1
1.689675 1
0.215836 1
0.359369 1
0.433030 1
0.233241 4
1.102215 1
0.123663 1
0.227398 1
0.297958 1
0.228036 1
2.022440 1
0.222005 1
0.124179 14
1.153003 2
0.009374 75
1.322141 1
0.587711 2
0.030199 49
0.002176 47
4.098147 1
0.266922 1
1.376674 1
0.310409 2
1.004801 1
0.266119 1
0.131083 3
1.214943 1
1.026569 1
0.250590 1
0.329140 1
0.265902 1
0.779063 1
0.660443 1
0.669688 1
0.418656 1
0.125168 1
0.470687 1
0.802891 1
1.112070 1
0.299187 1
0.543619 1
2.288123 2
0.011413 94
2.682890 1
0.239655 1
0.523053 1
0.236787 1
0.289677 1
0.439257 1
0.125732 1
0.575136 1
0.273309 1
0.599173 4
0.165620 4
0.295608 2
0.731743 1
0.177278 1
0.276740 1
0.368209 1
0.280406 1
0.355019 1
0.277854 1
0.245867 1
0.662547 2
0.016709 107
3.864159 1
0.225438 1
2.436035 1
0.207785 2
0.009664 323
1.437106 1
0.305196 1
0.431679 1
0.411128 2
0.015835 149
1.240535 1
0.586033 1
0.145567 1
0.613345 2
0.009507 145
1.872492 3
0.256007 6
0.292571 6
0.363562 20
0.672039 38
0.266945 51
0.369677 90
0.511541 148
0.521634 4
0.499909 4
0.030681 4
0.029756 4
0.030796 4
0.030809 4
0.030881 4
0.029594 4
0.029570 4
0.030945 4
0.030394 4
0.030509 4
0.029689 4
0.030614 4
0.029372 4
0.030465 4
0.029623 4
0.030246 4
0.030124 4
0.029715 4
0.029502 4
0.030369 4
0.030251 4
0.029550 4
0.031565 4
0.028424 4
0.030853 4
0.030739 4
0.029167 4
0.030066 4
0.031346 4
0.028728 4
0.029860 4
0.030679 4
0.029136 4
0.030138 4
0.030706 4
0.030716 4
0.029632 4
0.030608 4
0.029413 4
0.030833 4
0.030905 4
0.029532 4
0.031666 4
0.029614 4
0.029789 4
0.030309 4
0.030024 4
0.029581 4
0.031204 4
0.028814 4
0.029944 4
0.029835 4
0.030672 4
0.029673 4
0.029592 4
0.030728 4
0.029477 4
0.030815 4
0.029932 4
0.030331 4
0.029643 4
0.031043 4
0.029661 4
0.029937 4
0.029719 4
0.029992 4
0.030335 4
0.030290 4
0.029946 4
0.028923 4
0.030850 4
0.030150 4
0.030735 4
0.029296 4
0.030792 4
0.031011 4
0.028947 4
0.030508 4
0.030506 4
0.029579 4
0.030272 4
0.030239 4
0.030443 4
0.030597 4
0.029419 4
0.030500 1
0.029984 1
0.029657 1
0.473231 1
0.150581 1
0.705373 1
0.318876 1
0.236341 1
0.619098 1
0.078803 1
0.718591 1
0.436191 2
0.005361 1002
6.783059 41
1.129472 8
0.001184 34
0.001106 132
1.284419 6
