0.017704 128
1.880694 1
0.166807 1
0.176818 1
0.360283 5
3.580322 1
0.144031 1
0.646917 1
0.353402 2
1.940759 53
0.022507 43
1.087495 1
0.258274 1
0.630685 1
1.009433 1
1.420496 4
0.455312 4
0.163958 4
0.159142 4
0.784040 1
0.213528 1
0.308656 1
0.094950 1
0.332339 1
0.445855 2
0.004264 551
8.926347 1
0.745907 4
1.889547 1
0.220611 1
0.351091 1
0.301745 1
0.256484 5
0.586893 4
0.500938 4
0.029038 4
0.030125 4
0.030216 4
0.030108 4
0.030243 4
0.029920 4
0.030607 4
0.029517 1
0.030581 1
0.139595 1
0.301646 1
0.092425 1
0.186828 1
0.156133 1
0.122250 1
0.161502 1
0.254916 2
0.028516 55
0.897129 1
0.132724 1
0.559167 1
0.502584 1
0.383568 5
1.089176 1
0.917567 1
0.535149 1
1.490802 4
0.178337 4
0.163105 4
2.786031 1
2.522342 1
0.561321 1
0.437631 4
0.206709 4
0.519683 1
0.189619 1
1.041055 1
0.431291 1
0.524151 1
0.256646 1
0.239203 1
1.707987 1
1.541931 1
0.640571 1
1.473023 1
0.354097 1
0.324775 1
1.150241 1
0.228041 1
0.415737 1
0.650307 1
1.869548 1
0.418760 1
0.216685 1
2.768513 1
0.211951 1
0.497739 1
0.355864 1
0.453672 1
0.229503 1
0.963927 1
0.065975 1
2.130280 2
0.035260 38
0.001877 47
1.550320 1
0.570182 1
0.339441 1
0.294119 2
0.009189 419
1.477107 1
0.351263 1
0.911475 1
0.973500 1
0.307138 1
0.793465 1
0.258377 1
0.371853 2
1.037665 1
2.022543 1
0.211365 1
0.631037 1
0.309729 1
0.515983 2
1.312322 1
1.280349 4
0.536475 1
0.828877 1
0.153046 9
1.174707 1
0.343853 7
0.680192 1
0.678672 2
0.003543 29
0.010637 619
0.018504 33
0.155336 75
0.007843 10
0.010720 55
1.917823 1
0.149873 1
0.440572 1
0.447416 4
0.170285 4
0.142405 4
0.428402 1
0.261806 1
0.203800 1
0.193203 1
0.188999 1
0.324322 1
0.379765 4
0.156801 4
0.603396 1
0.241794 1
0.348974 1
0.790684 1
0.250872 1
0.376823 1
0.347929 1
1.356900 1
0.616717 1
0.190537 9
2.444797 1
0.428605 7
0.891675 1
0.890542 1
0.172192 1
0.752133 1
0.211375 1
0.303634 1
0.431552 2
0.052871 47
1.892159 1
0.165623 1
0.565053 1
1.490598 1
0.811096 1
0.307636 1
0.233916 1
0.135898 1
0.497315 1
0.657159 1
0.365958 1
1.215569 1
0.389577 1
0.209480 1
0.272364 1
0.895670 2
0.003656 47
2.294792 1
0.230125 1
1.181741 1
0.089855 1
0.590529 1
0.204437 1
0.245588 1
0.372449 2
0.001803 100
3.276209 1
0.155483 1
0.227567 1
0.168716 1
0.302305 1
0.997815 4
0.500866 4
0.029745 4
0.030627 4
0.029236 4
0.030201 1
0.030117 1
0.030389 1
0.575268 1
0.245574 1
0.262881 1
0.236963 1
0.185078 1
0.288825 1
0.567333 1
0.340143 1
0.599718 1
0.238136 1
0.263898 1
2.616526 2
0.005978 47
1.261234 1
0.278647 1
0.222098 1
0.200674 1
0.246554 1
0.202071 1
0.480140 1
1.118316 1
0.246395 1
0.342592 1
2.493248 1
2.090583 1
0.771527 10
1.284002 1
0.237734 1
0.144882 6
0.758692 1
0.520722 1
0.151113 1
0.812728 1
0.312975 1
0.213542 1
0.065445 1
0.424963 2
0.008749 47
1.280805 1
0.727304 4
0.961513 1
0.625197 1
1.456352 1
0.505481 1
0.211814 1
0.560426 1
0.317443 1
0.118943 1
0.382012 1
0.604555 1
0.271604 1
0.302251 4
0.418431 2
0.004062 15
0.001017 4095
0.000146 1650
1.220792 64
0.576945 2
0.500045 2
0.030143 2
0.029641 2
0.029747 2
0.029894 2
0.030038 2
0.030328 2
0.029864 2
0.030479 2
0.030261 1
0.030420 1
0.225894 1
0.500207 1
0.030460 1
0.029062 1
0.030357 1
0.029648 1
0.030063 1
0.029926 1
0.030089 1
0.030361 1
0.030722 1
0.029500 1
0.030115 1
0.030379 1
0.030414 1
0.030684 1
0.029959 1
0.030124 1
0.029731 1
0.030560 1
0.030590 1
0.029538 1
0.030637 1
0.029507 1
0.030510 1
0.029572 1
0.030539 1
0.030198 1
0.030800 1
0.030746 1
0.029621 1
0.029769 1
0.030465 1
0.029325 1
0.030757 1
0.029343 1
0.029980 1
0.030182 1
0.030216 1
0.030025 1
0.029854 1
0.029918 1
0.030063 1
0.030318 1
0.030283 1
0.030272 1
0.030121 1
0.030780 1
0.029374 1
0.029671 1
0.030631 1
0.030140 1
0.030085 1
0.031278 1
0.030197 1
0.029837 1
0.030748 1
0.030117 1
0.030569 1
0.030351 1
0.030773 1
0.029487 1
0.030370 1
0.029573 1
0.030114 1
0.029855 1
0.030621 1
0.029540 1
0.030605 1
0.030526 1
0.029742 1
0.030762 1
0.030406 1
0.030500 1
0.030807 1
0.030204 1
0.030763 1
0.029605 1
0.030606 1
0.030744 1
0.030420 1
0.030222 1
0.030690 1
0.030469 1
0.029482 1
0.030321 1
0.030717 1
0.030519 1
0.030510 1
0.030989 1
0.030276 1
0.579700 1
0.500562 1
0.029084 1
0.029849 1
0.030093 1
0.029778 1
0.030536 1
0.029738 1
0.029402 1
0.030673 1
0.030133 1
0.029408 1
0.030731 1
0.031019 1
0.030943 1
0.030170 1
0.030869 1
0.030487 1
0.030637 1
0.030189 1
0.030095 1
0.029722 1
0.029909 1
0.030403 1
0.029616 1
0.030057 1
0.029844 1
0.030796 1
0.030957 1
0.029573 1
0.029694 1
0.030389 1
0.029535 1
0.030802 1
0.029522 1
0.030198 1
0.030026 1
0.029747 1
0.030505 1
0.029283 1
0.030044 1
0.029994 1
0.030406 1
0.030206 1
0.029679 1
0.029956 1
0.029916 1
0.030373 1
0.029725 1
0.030414 1
0.506147 8
0.215683 7
0.487509 1
0.178128 71
0.287622 71
0.243732 71
0.579864 8
0.263472 1
0.499412 1
0.030856 1
0.029586 1
0.029739 1
0.030072 1
0.029739 1
0.030314 1
0.030584 1
0.232919 1
0.163835 1
0.174110 1
0.168813 1
0.186487 1
0.165108 75
0.371969 79
0.310534 1
0.251848 1
0.176746 1
0.186596 1
0.248137 1
0.161818 1
0.391049 1
0.492352 1
1.681809 67
0.337448 67
0.500566 67
0.029099 67
0.029882 67
0.030108 67
0.030460 66
0.030143 66
0.030704 65
0.031008 67
0.030037 66
0.030023 65
0.168280 64
0.234004 63
0.207256 62
0.175997 61
1.340068 62
0.335098 62
0.208366 62
0.185135 56
0.680208 7
0.333711 1
0.438816 1
0.171328 1
0.172281 1
0.154308 1
0.178483 1
0.155705 1
0.183307 64
1.492713 65
0.499961 65
0.029919 65
0.029692 65
0.029772 65
0.030430 65
0.029889 65
0.030349 65
0.030035 65
0.030631 65
0.029652 65
0.030641 65
0.031086 65
0.029448 64
0.030559 64
0.029799 63
0.171944 65
0.208479 64
0.190357 63
0.210538 62
0.371685 61
0.270042 60
0.348053 59
1.397704 7
3.269192 8
0.214378 8
0.607671 1
0.501081 1
0.029910 1
0.030026 1
0.030047 1
0.029489 1
0.030081 1
0.030583 1
0.030784 1
0.029482 1
0.029676 1
0.030807 1
0.029608 1
0.029939 1
0.029771 1
0.187581 1
0.500729 1
0.029161 1
0.030055 1
0.030218 1
0.030930 1
0.029231 1
0.030672 1
0.030188 1
0.030610 1
0.029960 1
0.030348 1
0.029903 1
0.029895 1
0.030162 1
0.029681 1
0.030331 1
0.028968 1
0.031092 1
0.030299 1
0.030577 1
0.029666 1
0.030588 1
0.030718 1
0.030065 1
0.029636 1
0.029853 1
0.030368 1
0.029887 1
0.029305 1
0.029925 1
0.031207 1
0.030210 1
0.030036 1
0.030187 1
0.030251 1
0.029941 1
0.030250 1
0.029990 1
0.152719 1
0.256707 78
0.257123 78
0.267866 78
0.404922 1
0.509080 1
0.177820 1
0.499802 1
0.029903 1
0.030124 1
0.029916 1
0.031099 1
0.028681 1
0.029814 1
0.030109 1
0.030221 1
0.030181 1
0.030747 1
0.029468 1
0.030886 1
0.030284 1
0.175361 1
0.214122 1
0.234402 1
0.188603 1
0.231266 1
0.273955 1
0.250197 1
0.228927 63
0.500586 63
0.029631 63
0.030025 63
0.030503 63
0.030358 63
0.030316 63
0.030302 63
0.030134 62
0.030419 62
0.030011 62
0.153468 62
0.221815 62
0.225436 62
0.250020 62
0.236288 62
0.718571 1
0.499728 1
0.030554 1
0.029039 1
0.030514 1
0.029166 1
0.031115 1
0.029635 1
0.029641 1
0.030176 1
0.030544 1
0.030448 1
0.030548 1
0.030921 1
0.029437 1
0.030652 1
0.030560 1
0.029647 1
0.030031 1
0.030026 1
0.030436 1
0.030002 1
0.030006 1
0.030047 1
0.029646 1
0.030484 1
0.030442 1
0.029744 1
0.530238 35
1.166131 19
0.248455 19
0.217841 19
0.347396 19
0.196792 19
0.720448 19
0.136100 19
0.322431 19
0.173696 19
0.062346 19
0.251221 19
0.241688 19
0.710762 19
0.489389 19
0.205395 19
0.979984 19
0.295732 19
0.634509 19
0.250660 19
0.275811 19
0.749255 19
0.178080 19
0.327756 19
0.660760 19
0.223119 19
0.329663 19
0.759138 19
0.439600 19
0.207306 19
0.685425 19
0.118564 19
0.704850 19
0.675089 22
0.236508 22
0.315197 22
0.953189 19
0.481473 19
0.345862 19
0.210151 19
0.088799 19
0.381633 21
0.617988 19
0.276224 19
0.160388 19
0.472198 19
0.426042 22
18.866123 19
0.358800 19
0.327779 19
0.161727 19
0.504177 19
5.451668 19
0.312190 19
0.254793 19
0.543396 19
0.305164 19
0.164176 19
0.136448 19
0.887934 19
0.850650 19
0.309625 19
0.266233 19
0.273800 19
0.274517 19
0.314824 19
0.824570 19
0.619391 19
0.215590 19
0.837768 19
1.246777 18
0.408087 44
0.089457 1
0.206824 1
0.443098 19
0.001037 96
4.098676 1
0.261414 1
0.220019 1
0.197795 1
0.241599 1
0.213440 1
0.617342 1
0.184690 1
0.511513 4
0.164065 4
0.468184 1
0.074715 1
0.227536 2
0.001666 47
1.568167 1
0.195446 1
0.758328 1
0.460582 1
0.156836 1
0.518323 1
0.355383 2
0.057867 83
0.001123 128
22.525557 11
0.794484 2
22.257474 53
0.032573 18
0.000245 25
7.251967 1
0.215073 1
0.287909 1
0.138916 1
0.320991 1
0.378670 2
0.004229 613
6.334309 1
0.275444 1
0.128054 1
0.142715 1
0.169626 1
0.200370 1
0.359144 1
0.286010 2
0.035253 55
9.459320 41
1.371537 1
0.420390 1
0.303150 1
1.740662 1
0.140762 1
0.339897 1
0.175000 1
0.233064 1
1.930977 1
0.079610 1
0.267487 1
0.656257 4
0.249788 1
0.153394 1
0.185625 1
0.477137 1
1.910831 2
0.003890 15
0.001055 4095
0.000133 2794
1.330730 64
0.848707 19
0.429499 19
0.461510 19
0.402729 19
0.629648 19
0.258027 19
0.106268 19
0.227850 19
0.326368 19
0.948430 19
0.477272 19
0.811002 19
0.141341 19
0.588995 19
0.035199 17
1.001157 18
0.473774 1
0.800940 48
0.379300 4
0.233723 35
0.610190 17
0.539804 44
0.467012 1
0.168648 1
0.268215 67
0.639727 1
1.146080 40
0.017737 1
0.578696 35
0.724138 1
0.195947 1
0.184241 20
0.000847 88
2.441521 1
0.241148 1
0.108560 1
0.141602 1
0.169143 1
0.361170 1
0.066102 1
0.611486 2
0.024123 55
8.617077 24
0.034554 24
0.035653 24
0.042210 24
0.041169 24
0.027022 24
0.023305 24
0.019966 24
0.015659 24
0.016655 24
0.041242 24
0.032232 24
0.037660 24
0.038123 24
0.033232 24
0.020121 24
0.017640 24
0.017251 24
0.028378 24
0.048601 24
0.058672 24
0.019749 24
0.008709 24
0.033995 24
0.022835 24
0.136075 24
0.011420 24
0.022539 24
0.007413 24
0.011693 24
0.010368 24
0.012574 24
0.010659 24
0.011379 24
0.012197 24
0.011270 24
0.011446 24
0.021353 24
0.115490 24
0.053018 24
0.057256 24
0.085162 24
0.038778 24
0.038310 24
0.060872 24
0.032660 24
0.120210 24
0.032128 24
0.025001 24
1.134003 1
0.891161 4
0.426209 1
0.102244 1
0.522270 1
0.439786 1
0.982598 1
0.160956 5
1.006414 1
1.007682 1
0.448962 1
0.864091 1
0.522863 1
0.575664 1
1.018316 1
0.151804 1
0.575057 1
0.198734 1
0.541112 1
0.522686 1
4.462022 1
0.227344 1
0.204372 1
0.276501 1
1.046621 1
0.480825 1
0.476466 1
0.239629 1
0.354688 1
1.662366 1
0.699714 1
0.887984 1
0.381353 1
0.387856 1
0.192973 1
0.318559 1
0.746912 1
3.186755 1
0.525189 1
0.382787 1
2.542432 4
0.500246 4
0.029297 4
0.030495 4
0.029992 4
0.030171 4
0.030302 4
0.029268 4
0.030428 4
0.030512 4
0.590269 4
0.674325 1
0.572138 1
0.217064 1
0.338115 1
0.544873 1
0.424807 1
0.269934 1
6.421383 1
0.098476 1
0.394526 2
0.020023 146
3.457323 34
0.946692 1
0.499679 1
0.029873 1
0.030182 1
0.030199 1
0.031111 1
0.029951 1
0.030353 1
0.030531 1
0.545444 3
4.133433 1
0.499880 1
0.029951 1
0.029790 1
0.029222 1
0.030986 1
1.877891 3
0.740488 5
0.237256 5
0.361261 5
0.575746 5
0.445996 5
0.212264 5
0.186352 5
0.306887 5
1.412955 1
0.161118 1
0.707450 5
0.632485 2
0.008665 146
7.095732 43
0.610157 1
0.499998 1
0.029772 1
0.030590 1
0.030235 1
0.030210 1
0.030189 1
0.029544 1
0.030886 1
0.029009 1
0.030354 1
0.029921 1
0.148612 1
0.289135 5
0.499999 5
0.030349 5
0.029348 5
0.030293 5
0.029303 5
0.030338 5
0.191643 5
0.164137 5
0.780263 3
0.499464 3
0.029604 3
0.029919 3
0.030215 3
0.498153 17
1.470131 21
1.812263 17
0.608827 17
0.701493 17
0.972696 17
0.430412 17
0.564028 17
0.268261 17
0.282673 17
0.245621 17
0.685702 2
0.007449 146
1.592953 43
0.326568 1
0.499344 1
0.030292 1
0.029538 1
0.030169 1
0.030211 1
0.029496 1
0.029901 1
0.030184 1
0.030692 1
0.029367 1
0.030742 1
0.029277 1
0.030150 1
0.029759 1
0.030798 1
0.030724 1
0.486831 35
0.484510 39
0.266874 3
0.500646 3
0.029604 3
0.030843 3
0.030915 3
0.029673 3
0.029803 3
0.029985 3
0.710464 19
0.140605 19
0.358680 2
0.006865 146
1.154079 45
0.238207 1
0.500446 1
0.030103 1
0.030564 1
0.030850 1
0.030082 1
0.030671 1
0.030462 1
0.029967 1
0.029892 1
0.030052 1
0.029565 1
0.029974 1
0.030674 1
0.029664 1
0.030473 1
0.029543 1
0.030443 1
0.029839 1
0.029566 1
0.597797 3
0.825341 39
0.490524 39
0.217273 39
0.318440 39
0.168431 39
0.315582 3
0.500740 3
0.029148 3
0.030326 3
0.029593 3
0.030188 3
0.030688 3
0.030544 3
0.029454 3
0.030782 3
0.194871 3
0.232467 21
0.249331 17
1.109618 2
0.122322 34
0.002474 47
3.316699 1
1.886868 1
0.325126 1
0.268961 2
0.010032 522
4.553544 41
2.821939 1
0.166158 1
0.099340 1
0.786336 4
0.155808 4
0.148553 4
0.493677 1
0.388617 1
0.295875 1
0.769244 1
0.233083 11
0.520347 2
0.002540 4095
0.000068 1351
0.756311 4
0.500043 1
0.029847 1
0.030818 1
0.029894 1
0.030666 1
0.029427 1
0.305770 1
0.277940 1
1.155193 61
0.434058 1
0.538317 40
0.200664 40
0.165963 40
0.155672 40
0.161912 39
0.175605 39
0.172784 39
0.337382 39
0.636447 26
0.182256 27
0.176816 28
0.128574 29
0.299637 29
0.140957 29
0.432297 29
2.822404 16
1.001145 18
3.888642 26
0.756656 1
0.206222 1
0.113507 20
0.002147 82
2.024324 1
0.449352 1
0.453996 1
0.262905 1
0.203260 1
0.630187 1
2.618566 1
0.625130 1
0.081772 1
0.635301 1
0.175314 1
0.756351 2
0.001037 35
0.427628 1
0.159011 1
0.486695 1
1.177236 1
0.114890 1
0.498566 1
1.570555 1
0.244421 1
0.288776 1
0.669349 1
0.176268 1
1.106019 1
0.174363 1
0.198180 1
0.623377 1
0.124799 1
0.238266 1
0.619970 1
0.619780 1
0.619187 1
0.523557 1
0.929410 1
0.225539 1
0.379699 1
0.319089 1
0.322191 1
0.260690 1
0.542681 1
0.116893 1
0.518382 1
0.892821 1
0.768057 1
0.796773 1
1.202197 1
0.158221 1
0.249384 1
0.203631 1
0.270766 1
1.292100 1
0.158549 1
0.163210 1
0.616418 2
12.096580 2
0.000705 115
1.213356 41
0.295694 1
0.500843 1
0.030366 1
0.030416 1
0.029347 1
0.029578 1
0.029743 1
0.030566 1
0.030469 1
0.030577 1
0.029477 1
0.029825 1
0.030434 1
0.030369 1
0.029755 1
0.029939 1
0.029969 1
0.029799 1
0.030634 1
0.030339 1
0.029843 1
0.030561 1
0.029650 1
0.030722 1
0.030454 1
0.030742 1
0.029004 1
0.030227 1
0.029950 1
0.030793 1
0.030418 1
0.457356 3
0.623224 5
0.655755 2
0.054056 124
13.301916 1
0.396298 1
0.201749 1
0.132405 1
0.306394 1
0.317851 1
0.065870 1
0.301473 2
0.027519 55
0.454321 3
0.292136 49
0.326710 71
0.304275 2
0.009285 522
6.958900 1
0.624710 1
1.617664 1
0.590553 1
0.231210 1
0.160657 2
1.032464 1
0.121919 1
0.753025 1
0.325370 1
0.204543 1
0.090048 1
0.367661 2
0.002776 194
5.184024 41
1.043811 1
0.234717 1
0.305282 1
0.213565 1
0.257188 37
1.172181 4
0.218943 11
0.552462 2
0.025897 37
0.464915 12
1.388195 2
0.005218 29
3.517196 1
0.914279 1
0.315697 1
0.353970 1
0.118363 6
1.275858 1
0.196284 1
0.375594 1
0.249893 1
0.703892 1
0.153043 1
2.600145 1
0.122600 1
1.076142 1
0.153117 1
0.248319 1
0.508054 1
0.432674 1
0.843081 1
2.270121 1
0.428261 1
0.192498 9
0.974840 1
0.277137 1
0.106034 1
0.380064 1
0.681778 2
0.030291 46
0.048189 39
15.000641 40
15.001414 29
2.592244 1
0.251333 1
0.232013 1
0.194963 1
0.237492 1
0.585029 1
0.821985 1
0.049186 1
0.290912 2
0.005259 29
4.140338 41
1.591010 1
0.724025 1
0.261942 1
0.378263 1
0.333767 2
0.000464 35
0.722640 1
0.092095 1
0.219165 2
0.001512 48
0.981488 1
0.284102 1
0.142305 1
0.231079 1
0.930574 1
0.358201 11
0.496015 2
0.001072 50
3.732981 8
0.000517 34
0.001142 128
1.454589 6
