0.017160 126
3.781731 1
0.472221 1
0.321805 1
0.281016 5
0.842506 1
0.150210 1
0.151060 1
1.762071 2
1.855550 53
0.024394 43
0.941250 1
0.106049 1
0.275692 1
0.298134 1
0.198493 1
0.382143 2
0.004786 698
5.221329 1
0.672416 1
1.388495 1
0.256763 1
0.365234 5
1.093056 1
0.175268 1
0.269768 1
0.581579 1
1.046721 1
0.508508 1
0.156712 1
0.379078 1
0.651368 1
0.773019 4
0.264861 1
0.676105 1
0.129227 1
0.219737 1
0.273799 1
0.298700 1
0.905387 1
0.767619 1
0.064589 1
0.338743 1
0.340707 1
2.567023 2
0.006250 342
1.495858 1
0.225909 1
0.097114 1
0.140194 1
0.210028 1
0.230951 1
0.228839 1
0.346227 4
0.097173 1
0.196201 2
0.047482 55
1.391704 1
0.116148 1
1.498976 4
0.575111 1
1.011256 1
0.234595 1
0.147432 5
0.743127 1
0.153668 1
0.233640 1
0.337726 7
0.738395 4
0.185530 4
0.170210 4
0.287372 1
0.403342 4
0.083677 1
0.512198 1
0.139670 1
0.178035 1
0.315717 1
0.286489 7
0.526824 4
0.166060 4
0.152519 4
0.186554 1
0.694233 4
0.283148 1
1.340004 2
0.040880 52
0.004537 99
1.028036 1
0.409462 1
0.245179 1
0.856530 2
0.018034 251
2.999563 1
2.562187 1
2.490055 1
0.836185 1
0.232483 1
0.128143 1
0.383151 1
0.171031 1
0.206804 1
2.075209 4
0.168687 4
0.145012 4
0.146080 4
0.153599 4
0.158839 4
0.232512 1
0.362896 1
0.533502 5
4.275469 1
0.783690 1
0.213319 1
1.134262 1
0.715667 1
0.580086 1
0.232109 1
0.253783 1
0.905948 1
0.130044 1
2.545386 1
0.116773 1
0.477324 1
0.260707 1
0.403743 1
1.281057 1
0.419279 1
1.311787 1
1.198324 1
0.538187 4
0.086621 1
0.555120 1
0.103802 1
0.770939 1
0.505909 4
0.166099 4
0.135253 4
0.133502 1
0.182029 1
0.147429 1
0.247057 1
0.397201 7
0.618106 4
0.155155 4
0.150687 4
0.104520 1
1.112918 2
0.036680 97
2.093206 37
0.242435 67
0.570441 2
0.015953 259
1.525046 1
0.393122 1
0.753383 4
0.182720 4
0.317015 1
0.794863 1
0.089581 1
0.338841 2
0.009695 194
7.668129 1
0.569836 1
0.971800 1
1.423010 1
0.124730 1
0.435897 4
3.463918 1
0.946097 1
0.220915 1
1.504222 1
0.358378 1
0.209543 5
0.856846 1
0.650889 1
0.509146 1
1.488808 1
2.058758 1
5.035785 1
1.227675 1
0.543748 1
0.435656 1
1.186432 1
26.764611 1
0.556656 1
1.244389 1
0.498877 1
0.218658 1
0.737744 1
0.170860 1
0.489004 1
1.679508 1
0.225643 1
0.248824 1
0.128414 1
0.295740 1
1.419058 1
0.329023 1
0.717709 1
1.199946 2
0.633724 35
0.027260 47
1.927641 1
0.836898 1
0.274392 1
0.356011 2
0.010109 194
3.530550 1
0.547244 1
1.185389 4
0.215211 4
0.189146 1
1.025057 1
0.761304 4
0.158720 1
1.177746 1
0.869434 1
0.161276 1
0.386268 2
0.008758 522
3.280513 24
0.010951 24
0.021288 24
0.009926 24
0.015636 24
0.013273 24
0.029009 24
0.006654 24
0.021235 24
0.020073 24
0.021040 24
0.023358 24
0.015644 24
0.008865 24
0.012375 24
0.010474 24
0.011922 24
0.010044 24
0.013621 24
0.022095 24
0.059196 24
0.033890 24
7.349420 1
0.539405 1
1.271316 1
1.146698 4
1.532665 1
0.109655 1
0.977504 1
1.676058 1
0.302549 3
1.161087 1
0.429380 1
0.260434 1
0.370106 1
0.512181 1
1.017285 1
1.175049 9
0.630544 1
1.146296 1
1.125637 1
0.281311 5
1.313178 4
1.591414 2
0.039098 623
0.213257 47
2.524443 1
0.310915 1
0.242998 1
0.240373 1
0.493427 1
2.982165 1
0.691893 1
1.425019 1
0.543179 1
0.309770 2
0.914635 1
0.300997 9
0.797258 1
0.577022 1
0.651785 1
0.315444 5
1.107381 1
0.379575 1
0.211879 1
0.263266 1
0.546857 2
0.123940 47
1.806657 1
0.175587 1
0.246860 1
0.159607 1
0.323788 1
1.073768 1
1.422994 1
0.557249 1
0.487585 1
0.421896 2
0.979216 1
0.581614 1
1.063108 1
0.288503 1
0.741059 1
0.906006 1
0.248490 1
0.355549 1
1.734595 1
1.825989 2
7.833956 47
9.728541 1
0.239635 1
0.252742 1
0.331213 1
0.278441 1
0.708679 1
0.253300 1
0.133288 1
0.369636 1
0.292344 1
0.381730 4
0.156940 4
0.835956 1
0.659139 4
0.296638 1
0.726303 1
0.303181 1
1.251323 1
1.421143 2
0.457383 47
2.447451 1
0.157235 1
0.621277 1
0.375756 1
1.907609 1
0.332185 1
0.566199 1
0.374890 1
0.518576 1
0.735117 4
1.132364 1
0.189893 1
0.150728 1
0.729574 1
0.610045 1
0.515133 2
0.038524 930
11.781856 13
0.684649 2
0.001612 930
3.839545 1
0.275116 1
0.264311 1
0.183070 1
0.298511 1
0.312943 1
1.630996 1
0.825661 1
0.260598 1
0.774561 1
0.198734 1
0.729663 1
0.429253 9
0.930101 1
0.595846 1
1.904157 1
0.300606 5
0.975966 1
1.862091 1
0.164275 1
0.142404 1
2.642099 2
0.384017 47
4.346362 1
0.308296 1
0.235931 1
0.173010 1
0.859008 1
0.253007 1
2.625015 1
0.237246 1
0.297729 1
0.264837 1
0.075314 1
0.267709 1
0.415359 1
0.706914 1
0.072920 1
0.469160 1
0.720034 4
0.122648 1
0.594682 2
0.003496 238
12.156055 1
0.290060 1
0.217254 1
0.199205 1
0.255240 1
0.161975 1
1.043272 1
5.340542 4
0.500092 4
0.029970 4
0.029890 4
0.030531 4
0.028974 4
0.030068 4
0.030486 1
0.029688 1
0.030561 1
0.029859 1
0.029801 1
8.203286 1
0.474758 1
0.273260 1
0.325633 1
0.238845 1
0.730465 1
0.108610 1
0.683012 1
1.526368 1
0.119464 1
0.685880 1
0.160006 3
0.919080 2
0.046988 15
0.032010 68
0.000449 1747
1.572139 64
0.587779 2
0.500120 2
0.030204 2
0.029708 2
0.030343 2
0.030030 2
0.029530 2
0.029882 2
0.030409 2
0.030490 2
0.029418 2
0.029561 1
0.292625 1
0.500158 1
0.030140 1
0.030040 1
0.030418 1
0.030331 1
0.029633 1
0.030306 1
0.029965 1
0.029890 1
0.030034 1
0.029721 1
0.031001 1
0.030048 1
0.030416 1
0.029931 1
0.029676 1
0.030238 1
0.030701 1
0.029882 1
0.030725 1
0.029797 1
0.029525 1
0.030712 1
0.029603 1
0.029862 1
0.030465 1
0.030332 1
0.030321 1
0.030407 1
0.029510 1
0.030305 1
0.030179 4
0.029815 4
0.030556 4
0.030451 1
0.030249 1
0.029762 1
0.030756 1
0.030624 1
0.030451 3
0.030297 1
0.030284 1
0.030844 1
0.029454 1
0.030457 4
0.030085 1
0.031055 1
0.031031 1
0.029203 1
0.030640 1
0.029426 1
0.030106 1
0.030569 1
0.029839 1
0.029953 1
0.030219 1
0.029823 1
0.030443 1
0.030580 1
0.029927 1
0.029905 1
0.030614 1
0.031010 1
0.030718 1
0.030025 1
0.030951 1
0.029634 1
0.029767 1
0.030103 1
0.353018 35
1.055006 19
0.527008 35
0.704511 19
0.330783 19
0.625712 35
0.070184 19
0.203457 19
0.336870 19
0.504639 19
0.570273 19
0.247709 19
0.311971 19
0.587727 19
0.528591 19
0.156621 19
0.131371 19
0.285418 19
0.352398 19
1.113049 19
0.498200 19
0.202496 19
0.926699 19
0.282237 19
0.523206 19
0.268434 19
0.233892 19
0.552271 19
0.187645 19
0.256250 19
0.735125 19
1.072381 37
0.320551 19
0.597587 19
0.843424 37
1.930447 19
0.391429 19
0.261836 19
0.216049 19
0.669432 22
0.218602 22
0.197132 22
0.219382 22
0.560627 19
0.972311 19
0.119196 19
0.178906 19
0.358259 22
1.849436 19
0.420112 19
0.823257 19
1.309289 23
3.744242 19
0.329429 19
0.662916 19
0.299117 19
0.424653 19
0.219594 19
0.123681 19
0.962603 19
0.891312 19
0.326083 19
0.328434 19
0.293614 19
0.309571 19
0.291392 19
1.077145 19
0.550215 19
0.546636 19
0.190047 19
0.179803 20
0.904108 19
0.581468 37
0.158585 19
0.342863 22
0.426330 26
0.479933 19
0.660529 19
0.481497 18
0.538093 44
0.143202 1
0.409133 1
0.835011 19
0.011072 76
0.013460 20
13.340270 1
0.262092 1
0.239763 1
0.182645 1
0.298068 1
0.202251 1
0.306115 1
0.148472 1
0.433930 4
0.146382 4
0.373634 1
0.348196 4
0.287247 1
0.146858 1
0.350881 4
0.151100 4
0.385685 1
0.083143 1
0.238549 2
0.002111 47
1.537109 1
0.244986 1
0.150365 1
0.521955 1
0.154785 1
0.112529 1
0.340278 2
0.000656 80
0.873783 6
0.188531 4
0.607181 1
0.410764 2
0.154168 83
0.001102 126
2.263017 11
0.937188 2
33.268011 53
0.030342 18
0.000266 25
2.366204 1
0.143531 1
0.306732 1
0.398538 1
0.276585 1
0.773817 2
0.007024 1238
17.530271 1
0.265634 1
0.244517 1
0.222357 1
0.271015 1
1.676982 1
1.930984 1
0.307953 1
0.616101 1
0.261474 1
0.456033 4
0.137798 1
1.033325 4
0.432287 1
0.181238 1
0.401293 1
0.476805 1
1.228111 1
0.219918 1
0.201163 1
0.464110 2
0.003304 232
9.600022 8
0.000507 34
0.001234 126
1.757883 6
