0.033694 126
2.032760 1
0.357483 1
0.255473 1
0.218466 1
0.121281 4
0.781308 1
0.184893 1
0.161527 1
0.454645 2
1.787327 24
0.000200 31
4.440112 1
0.460034 1
0.999857 4
0.683798 1
0.412766 1
0.208964 1
0.314061 1
0.117339 1
0.146012 1
0.212087 2
0.028178 67
2.141461 1
0.102937 1
0.851914 1
0.320276 1
0.197778 1
0.363669 2
0.004254 438
6.189467 1
0.326039 1
0.348289 4
0.083838 1
2.943102 1
1.932288 1
0.706796 1
0.267789 1
0.141451 1
0.079191 1
0.272117 2
0.002261 375
1.873504 1
0.221420 1
0.210700 1
0.200708 1
0.182243 1
0.230756 1
0.201875 1
0.620978 1
0.484804 1
0.209560 1
0.164510 1
0.089018 1
0.382610 2
0.005038 59
1.016240 1
0.330585 1
0.241242 1
0.181758 1
0.330082 1
0.261752 1
0.541169 1
0.141501 1
0.212111 1
0.334543 1
0.362926 1
0.434500 1
0.248300 1
0.387775 1
1.564133 1
0.379551 1
0.296481 1
0.417289 1
0.215212 1
0.259666 1
0.397099 2
0.075985 59
1.070122 1
0.095291 1
0.269550 1
0.211160 1
0.637224 1
0.217854 1
0.145046 1
0.104879 1
0.220876 2
0.001214 59
0.876465 1
0.249159 1
0.312201 1
0.175805 1
0.331359 1
0.210898 1
0.258549 1
0.466068 2
0.001790 375
0.995006 1
0.424582 1
0.261614 1
0.944899 1
0.560697 1
0.322491 1
1.053780 4
0.349871 1
0.258433 1
0.899769 1
0.445428 1
0.263685 1
0.280607 1
0.757646 1
0.375128 1
0.184615 1
0.223916 1
0.284446 2
0.089462 59
2.273057 1
0.225450 1
0.221936 1
0.222602 1
0.177087 1
0.299688 1
0.228333 1
0.679223 1
0.507337 1
0.367144 1
0.147620 1
0.296790 1
0.419561 2
0.001558 87
1.891747 12
0.309171 4
0.183520 4
0.140971 4
0.148387 4
1.403824 1
0.206528 1
0.271614 1
0.366308 2
0.005639 59
3.120630 1
0.188314 1
0.613636 1
0.291589 1
0.178537 1
0.342207 2
0.003577 433
1.796581 1
0.150558 1
0.356216 1
1.113583 1
0.086215 1
1.414764 1
0.430689 1
0.207304 1
0.220983 1
0.473581 1
0.210610 1
0.502053 1
0.333300 1
0.281696 1
0.212199 1
0.376335 1
0.568030 1
0.399907 1
0.474028 1
0.295970 1
0.797269 1
0.264023 1
0.399420 1
1.200124 1
0.118927 1
0.235971 1
0.236935 1
0.373162 1
0.442425 2
24.546923 53
0.029133 101
0.002860 59
1.542941 1
0.080172 1
0.287001 1
0.666896 2
0.033647 157
2.522522 1
0.428056 1
0.372275 1
0.565697 1
0.095692 1
0.564422 1
0.258550 3
1.765192 1
0.070991 1
0.221748 1
0.272323 1
0.225750 1
0.167267 1
0.227114 1
0.266725 1
0.440241 1
3.165677 1
11.512052 23
0.970636 2
0.025179 112
0.793947 42
0.196627 89
0.494283 2
0.011652 206
10.311096 1
0.301685 1
0.276540 1
0.400130 2
0.008651 153
1.143840 1
0.413841 1
0.245936 1
0.133492 1
0.152027 1
0.262574 1
0.153505 1
0.382177 4
0.271253 4
0.180354 1
0.282954 3
3.216223 1
1.046887 4
2.813623 1
0.172970 1
0.119550 1
0.185281 1
0.249922 1
0.160202 1
0.860975 1
0.255820 1
0.692292 1
0.247903 1
0.243348 1
0.250206 1
0.266768 1
0.366224 1
0.544570 2
0.023741 103
2.293894 23
0.291550 25
0.665765 2
0.008914 212
3.653215 1
0.255586 1
0.405430 1
0.376650 1
0.085054 1
0.544432 4
1.031510 1
0.333204 1
0.243006 1
0.567394 1
0.514326 1
0.157836 1
0.108056 1
0.242942 1
1.267376 1
0.223928 1
0.196161 1
0.656562 1
0.315579 1
0.168664 1
0.549583 1
0.377353 1
0.277733 1
0.237660 1
0.145529 1
0.230146 1
1.511756 1
0.257052 1
0.120417 1
0.220627 1
1.569807 2
0.034599 34
0.001584 59
2.225241 1
1.172269 1
0.282024 1
0.308617 2
0.010411 439
2.845538 1
0.323385 1
1.031823 1
0.392812 1
1.024463 1
0.541333 1
0.340530 1
0.320867 2
1.195329 1
0.156341 1
0.240809 1
0.299171 1
0.683769 1
0.173659 4
0.161289 4
0.093785 1
0.430606 1
3.217782 1
0.335961 4
0.951991 1
0.281833 4
0.540705 2
0.009147 623
0.015462 59
3.427193 1
1.006394 1
0.484279 1
0.245567 1
0.160341 1
0.250439 1
0.451146 4
0.147244 1
0.176921 1
0.270140 1
0.256648 1
0.328889 1
0.442626 1
1.300554 1
0.309429 1
0.140494 1
0.450220 4
0.178966 4
0.154076 4
0.560578 1
0.402552 4
1.300681 1
0.337281 4
0.750034 1
0.311925 1
0.205970 1
0.262056 1
0.473544 2
0.020149 59
7.604299 1
0.757315 1
0.253083 1
0.251819 1
0.592058 1
0.470295 1
0.477619 1
0.542590 1
0.572304 1
0.477167 1
0.566625 1
0.665891 1
0.255653 1
1.135381 1
1.102856 2
4.548629 59
2.327882 1
0.306446 1
0.210500 1
0.208007 1
0.229901 1
0.325113 1
0.431719 1
0.186874 1
0.488802 1
0.309766 1
0.259872 1
0.676334 1
0.432926 1
1.062792 1
0.315696 1
0.184237 1
0.151352 1
0.191479 2
0.652212 4
0.120447 1
0.327281 1
0.681587 1
0.207906 1
0.333847 1
0.400182 1
0.633026 1
0.175915 1
0.154930 1
0.188380 2
0.529088 4
0.515317 2
0.014009 59
0.564415 28
0.281792 4
0.500878 4
0.030769 4
0.029473 4
0.029845 4
0.030198 4
0.030347 4
0.029479 4
0.029634 4
0.030342 4
0.029637 4
0.210600 4
0.234670 4
0.527807 4
0.182916 1
0.249479 1
0.334998 2
0.700650 4
0.095735 1
0.180992 1
0.507306 1
0.215463 1
0.411708 1
0.609774 1
0.157847 1
0.205454 1
0.322085 2
0.751946 4
0.381378 2
0.002158 59
0.723201 26
0.325131 4
0.500417 4
0.029732 4
0.029878 4
0.030247 4
0.030369 4
0.029024 4
0.029880 4
0.030020 4
0.030538 4
0.029940 4
0.029615 4
0.029740 4
0.738638 1
0.165632 1
0.379713 1
0.151564 2
0.509075 4
0.221309 1
0.287641 1
0.463762 1
0.221476 1
0.216729 2
0.568447 1
0.279774 1
0.735085 1
0.146375 2
0.458289 4
0.289199 2
0.002346 59
1.077011 26
0.309758 4
0.500651 4
0.030140 4
0.030736 4
0.030038 4
0.030566 4
0.029424 4
0.029921 4
0.029924 4
0.030101 4
0.030160 4
0.030152 4
0.278715 4
0.694984 1
0.319736 1
0.205702 1
0.229932 1
0.342241 1
0.160225 1
0.409975 1
0.210934 1
0.317080 1
0.333042 1
0.731475 1
0.202853 1
0.222531 1
0.438606 2
0.002483 59
1.518529 1
0.253532 1
0.350109 1
0.220911 1
0.243427 1
0.273678 1
0.171102 1
0.621953 1
0.993292 1
0.179710 1
0.166003 1
0.145073 1
0.753385 5
0.511923 3
0.167928 3
0.162124 3
0.163443 3
0.491592 1
0.285011 1
0.500538 2
0.046415 21
0.000281 28
2.343699 1
0.171965 1
0.239838 1
0.308271 1
0.528199 1
0.633155 1
0.330593 1
0.316629 1
0.854704 1
0.109603 1
0.225269 1
0.252426 3
1.039454 2
0.004069 83
0.000279 3895
0.750297 2
0.206712 2
0.159166 2
0.158196 2
0.175261 2
0.156204 2
0.161617 2
0.337728 2
0.549418 64
0.353521 1
0.500297 1
0.030994 1
0.029539 1
0.031048 1
0.030167 1
0.030733 1
0.029359 1
0.029926 1
0.030847 1
0.030573 1
0.029431 1
0.029900 1
0.442708 1
0.698783 77
0.299773 77
0.113365 77
0.239251 77
1.223569 85
0.193536 84
0.158852 83
0.149373 82
0.144190 81
0.157640 80
0.158315 79
0.168752 78
0.187834 77
0.579927 76
0.719526 1
1.146705 66
0.706132 66
0.147679 66
0.353492 66
1.014859 74
0.499997 73
0.184421 72
0.186831 71
0.157135 70
0.176023 69
0.186297 68
0.211104 67
1.167024 65
0.322484 72
1.138040 1
0.159087 67
0.442951 8
0.531102 1
0.500389 1
0.029885 1
0.031018 1
0.030117 1
0.029594 1
0.030900 1
0.029596 1
0.030459 1
0.029188 1
0.031091 1
0.029557 1
0.029969 1
0.029506 1
0.030784 1
0.029954 1
0.029595 1
0.029673 1
0.031572 1
0.030259 1
0.029552 1
0.029750 1
0.030759 1
0.029700 1
0.029770 1
0.029643 1
0.030667 1
0.029881 1
0.029735 1
0.030615 1
0.185410 1
0.189902 1
0.161827 1
1.128338 112
0.499504 111
0.029816 110
0.030456 109
0.029204 108
0.030626 107
0.029610 106
0.029475 105
0.031078 104
0.030224 103
0.029665 102
0.030145 101
0.029999 100
0.030097 99
0.030926 98
0.030740 97
0.029057 96
0.030891 95
0.030071 94
0.030471 93
0.029602 92
0.030695 91
0.031205 90
0.030887 89
0.029827 88
0.029373 87
0.030888 86
0.030953 85
0.029886 84
0.029761 83
0.030701 82
0.030003 81
0.031291 80
0.030605 79
0.030063 78
0.029597 77
0.029466 76
0.030005 75
0.031067 74
0.030835 73
0.029634 72
0.029642 71
0.029589 70
0.030568 69
0.030096 68
0.029749 67
0.029534 66
0.030905 65
0.030411 65
0.030073 65
0.029822 65
0.030664 65
0.030256 65
0.029418 65
0.030460 65
0.029129 65
0.029872 64
0.030340 64
0.030875 64
0.030045 66
0.029801 65
0.031225 64
0.030909 63
0.030873 62
0.029637 61
0.029320 60
0.031166 59
0.029764 58
0.029715 57
0.030023 56
0.030431 55
0.030771 54
0.029653 53
0.029811 52
0.030947 51
0.030862 50
0.029649 49
0.029686 48
0.030678 47
0.030773 46
0.030100 45
0.031032 44
0.030953 43
0.029413 45
0.029781 43
0.153158 42
0.190464 41
0.165828 40
0.244956 39
0.224255 38
0.293055 37
0.260496 36
0.265783 35
0.324291 245
0.614305 20
0.758511 44
0.087187 1
0.206936 1
0.264496 19
0.001188 90
1.517629 1
0.228298 1
0.396030 1
0.285628 1
0.252550 1
0.532652 1
0.083645 1
0.327761 1
0.249275 1
0.270764 1
0.335691 1
0.393233 5
0.791683 1
0.264771 1
0.312230 3
0.785713 2
0.001887 90
0.000521 4095
0.000189 238
0.956933 2
0.282929 2
0.166035 2
0.164186 2
0.296386 2
0.654629 64
0.443608 1
0.500261 1
0.031403 1
0.029879 1
0.029255 1
0.030548 1
0.029006 1
0.029823 1
0.030806 1
0.029829 1
0.029654 1
0.029734 1
0.030774 1
0.029670 1
0.029716 1
3.938934 1
0.500126 1
0.028948 1
0.030980 1
0.030144 1
0.029352 1
0.030505 1
0.030262 1
0.029788 1
0.030531 1
0.030931 1
0.029884 1
0.029722 1
0.030359 1
0.031236 1
0.029680 1
0.029735 1
0.030889 1
0.030656 1
0.030735 1
0.029454 1
0.029770 1
0.031004 1
0.029741 1
0.029649 1
0.030659 1
0.031136 1
0.030779 1
0.029725 1
0.029675 1
0.029750 1
0.030780 1
0.029798 1
0.029655 1
0.030868 1
0.031043 1
0.031259 1
0.030441 1
0.029838 1
0.030116 1
0.029446 1
0.030179 1
0.030512 1
0.029518 1
0.030035 1
0.030075 1
0.029981 1
0.030099 1
0.030188 1
0.030034 1
0.029712 1
0.029676 1
0.030560 1
0.029459 1
0.030336 1
0.030097 1
0.029246 1
0.030574 1
0.029853 1
0.029895 1
0.030598 1
0.029956 1
0.029713 1
0.029739 1
0.030228 1
0.029855 1
0.030747 1
0.030386 1
0.030041 1
0.030398 1
0.031079 1
0.030127 1
0.029668 1
0.029494 1
0.030766 1
0.030774 1
0.029722 1
0.029770 1
0.030769 1
0.030821 1
0.029828 1
0.029597 1
0.030860 1
0.030629 1
0.029752 1
0.029773 1
0.030760 1
0.030919 1
0.029624 1
0.029782 1
0.030646 1
0.030662 1
0.029615 1
0.030261 1
0.029842 1
0.029824 1
0.030505 1
0.029593 1
0.030752 1
0.030890 1
0.030758 1
0.030181 1
0.030320 1
0.030350 1
0.029876 1
0.030181 1
0.029601 1
0.030027 1
0.031062 1
0.031061 1
0.029802 1
0.029494 1
0.029392 1
0.030874 1
0.030930 1
0.029653 1
0.029707 1
0.029667 1
0.030913 1
0.029920 1
0.029448 1
0.030778 1
0.030944 1
0.029765 1
0.358864 1
0.754217 95
0.348512 95
0.166107 95
0.257037 95
1.535180 95
1.142424 95
0.503937 95
0.251043 95
0.175946 88
2.200560 94
0.500264 93
0.030460 92
0.031330 91
0.029406 90
0.029219 89
0.030306 88
0.030625 87
0.029515 86
0.029560 85
0.030562 84
0.029470 83
0.030132 82
0.030634 81
0.030854 80
0.029773 79
0.029958 78
0.189113 77
0.201783 76
0.528941 18
0.490483 44
0.082927 1
0.176604 1
0.235626 26
0.001015 69
0.000355 20
7.975979 1
0.371994 1
0.231629 1
0.904387 1
0.201346 1
0.182733 1
0.269030 1
0.429669 1
0.465995 11
2.158303 1
0.164414 1
0.128571 1
0.305754 1
0.178098 1
0.321762 1
0.292928 1
0.232753 1
0.521189 1
0.228787 1
1.216990 1
10.814328 43
1.490750 2
0.128218 39
0.012870 31
0.028044 63
0.010486 171
0.001156 41
2.010639 1
0.153462 1
0.191855 1
0.190293 1
0.190578 1
0.594026 1
0.288571 1
0.172257 1
0.668183 1
0.264050 1
0.244111 1
0.410250 1
0.430041 1
0.879043 4
1.053709 1
0.490146 7
1.256628 1
0.140903 40
0.326265 2
0.002290 15
0.001079 4095
0.000100 428
1.194243 64
0.490001 2
0.183661 2
0.169057 2
0.175230 2
0.166454 2
6.834679 58
0.660709 17
0.772620 44
0.073564 1
0.195382 1
0.152472 66
0.001147 89
1.720879 1
0.197618 1
0.213893 1
0.182146 1
0.245221 1
0.557277 4
0.583220 1
0.241565 1
0.105213 1
0.216965 1
0.117312 1
0.267369 1
0.170437 1
0.233012 1
0.474062 1
0.165772 1
0.300839 1
0.245946 1
0.203958 1
0.299638 2
0.087254 39
0.010860 31
0.023732 29
0.685587 93
0.131430 152
0.119854 152
0.038142 152
0.564890 152
0.398796 152
0.033240 152
0.043047 303
0.395870 151
0.312459 151
0.278046 152
0.033119 151
0.099059 152
1.834045 123
0.001471 132
0.003274 97
0.004340 277
0.001660 109
0.011995 1170
0.274990 36
0.086417 2098
1.471480 1
0.461202 2
0.001263 23
0.002528 70
0.441302 151
0.002572 152
0.072394 152
0.276144 151
0.143186 152
0.139699 152
0.275715 151
0.291497 152
0.051321 151
0.088265 152
0.065988 152
0.013791 329
0.010409 26
0.019585 28
0.003011 21
0.027352 149
0.010726 894
0.011610 1341
0.010350 1192
0.010432 1341
0.011207 1192
0.010332 1341
0.010286 1192
0.009346 1195
0.014930 149
0.010746 894
0.000889 149
0.005140 745
0.000660 149
0.002294 152
0.021742 298
0.011534 596
0.011011 596
0.010710 1043
0.011433 894
0.010168 894
0.007519 447
0.011000 745
0.010006 1043
0.010315 894
0.010262 745
0.010122 1192
0.010022 596
0.010246 447
0.010057 447
0.010916 298
0.010116 596
0.010844 447
0.011240 447
0.010770 745
0.002467 152
0.011727 149
0.010500 596
0.011036 894
0.011406 745
0.000482 149
0.005298 745
0.011284 1043
0.010342 1192
0.011764 894
0.010516 745
0.010898 1341
0.010492 1192
0.005642 596
0.010326 1341
0.008121 745
0.004638 152
0.009253 149
0.009133 447
0.004078 149
0.004558 298
0.010233 745
0.010450 1192
0.010195 1043
0.011447 894
0.009543 1043
0.004954 298
0.008081 745
0.009035 596
0.010093 745
0.011757 745
0.025072 596
0.037002 897
0.015661 450
0.006897 301
0.009711 152
0.003991 152
0.005403 152
0.007695 152
0.016897 152
0.006536 152
0.006617 152
0.013233 152
0.004950 152
0.004840 152
0.002504 152
0.006130 152
0.003667 152
0.003219 152
0.012180 1368
0.033546 568
0.015359 41
6.858356 1
0.269233 1
0.410051 1
0.601410 4
0.278308 4
0.634323 1
0.384599 1
0.358153 4
0.829083 1
0.556456 1
0.199683 1
0.311933 2
0.064336 29
0.230614 94
0.031407 95
0.005957 92
0.005155 105
0.020451 91
0.004423 98
0.079339 94
0.014447 95
0.004312 92
0.004289 105
0.004269 91
0.003588 98
0.061201 32
0.005367 39
0.006533 32
0.182017 31
0.814898 36
0.293017 30
0.053872 44
0.001742 52
0.001925 33
0.070083 42
0.844684 24
4.500264 31
0.052269 44
0.001496 34
0.001417 53
0.030938 32
0.007065 34
0.007512 40
0.008576 36
0.009109 38
0.010613 49
0.171515 42
0.014461 39
0.016875 35
0.217562 36
0.003653 32
0.044840 34
0.019922 36
0.044347 32
0.062901 60
0.168499 65
0.010906 43
0.554867 47
0.097475 27
0.029655 32
0.002675 25
0.080361 30
0.001893 56
0.007102 46
0.001803 47
0.003337 29
4.612106 34
3.295838 92
0.040457 41
0.792079 1
0.676842 1
0.337200 1
0.248441 1
0.459862 1
0.589617 1
0.514852 1
0.321871 1
0.212223 1
0.529527 1
0.297297 6
1.585428 1
0.636609 1
0.643013 1
0.831681 1
0.463663 1
0.411903 1
0.305069 3
0.813408 1
0.243762 1
0.174715 3
0.717480 1
1.222851 1
0.407656 1
0.293720 1
0.191708 3
0.835601 1
0.824493 1
0.287872 3
0.638343 4
0.176627 4
0.146272 4
0.851020 3
0.521246 2
0.153728 40
0.061231 60
0.009776 67
0.697514 47
2.293354 1
0.410206 1
0.878056 1
0.249540 1
0.300656 1
0.379934 1
0.452229 1
0.963527 1
0.284090 1
0.182619 6
1.221276 1
0.165371 1
0.106810 1
0.514722 4
0.151662 4
0.376730 1
0.256232 1
0.359394 1
0.777954 1
0.395224 1
0.723056 1
0.730818 1
0.792292 2
0.005290 34
0.244410 84
2.491199 1
0.313206 1
0.405632 1
0.295235 1
0.109507 1
0.421821 1
0.286798 1
0.290758 1
0.540025 1
0.256888 1
0.268348 1
0.165684 1
0.215645 1
0.856164 1
0.123804 1
0.287595 1
0.362623 1
0.162360 1
1.506543 2
0.001148 41
3.529180 65
0.922155 1
0.223841 1
0.389142 1
0.394414 1
0.157027 1
0.106376 1
0.415045 2
0.085532 83
0.001367 126
15.533713 11
0.443309 2
1.778762 53
0.030563 24
0.000217 31
1.370622 1
0.322525 1
0.122573 1
0.175324 1
0.206409 1
0.210889 1
0.211084 1
0.256703 2
0.033588 67
1.770067 1
0.272496 1
1.133571 1
0.228338 1
0.150025 2
0.477176 2
0.004325 484
3.284813 1
0.263734 1
0.299011 1
0.921731 4
0.153328 4
0.144927 4
0.096738 1
0.250678 1
0.309136 1
0.428843 1
0.289653 2
0.757044 1
0.244612 1
0.168621 1
0.461089 1
0.457504 1
0.588671 1
0.288689 1
0.325741 1
0.769912 4
0.210271 1
0.251291 1
1.271552 1
0.261773 10
1.399465 1
0.290807 7
0.678292 1
0.811282 2
0.006003 59
3.286504 1
0.393057 4
0.440318 1
0.253001 1
0.272733 1
0.293073 2
0.012843 439
1.624693 1
0.123798 1
0.797936 1
0.397398 1
0.293260 1
0.610677 1
0.177574 4
1.554340 1
0.793760 1
0.422003 1
0.306315 1
0.821850 4
0.182298 4
0.219934 1
0.127193 1
0.210441 1
1.472999 1
0.926779 1
0.358946 1
0.293946 1
0.332851 1
0.321623 1
0.810026 4
0.209945 4
0.175850 4
0.168388 4
0.177774 4
0.198824 4
0.635659 4
0.818836 1
0.224507 1
0.785623 1
0.371972 1
0.277779 4
0.501413 4
0.030168 4
0.030287 4
0.030587 4
0.029394 4
0.030382 4
0.030348 4
0.029279 4
0.291484 1
0.239732 294
0.235313 294
0.766795 1
0.346640 2
0.215836 1
0.493464 74
1.168983 1
0.867335 4
0.236517 6
1.840914 1
0.288338 1
1.462722 4
0.430267 1
0.202665 18
1.325874 1
0.322908 2
0.007441 79
1.066538 1
0.345762 2
0.009709 50
0.002463 59
0.469252 33
0.335492 4
0.230197 1
0.237399 2
0.007250 79
0.747759 1
0.359957 2
0.005602 50
0.001495 59
0.762053 1
0.203387 1
0.281197 1
0.219535 2
0.007890 229
1.589007 1
0.334163 1
0.112907 1
0.442113 2
0.008517 209
1.542086 1
0.491285 1
0.639311 1
0.306708 1
0.302036 1
0.615094 1
0.127889 4
0.874433 1
1.324030 4
0.543214 1
0.305276 10
0.576014 2
0.009306 109
3.329084 1
0.329789 1
0.609560 1
0.138386 1
0.204887 1
0.381795 2
0.002935 316
2.329537 1
0.080752 1
1.405652 1
0.321230 1
0.273477 5
1.146731 1
0.202415 1
0.285979 1
0.388391 12
6.856252 4
0.500003 4
0.029785 4
0.030171 4
0.030244 4
0.030266 4
0.029539 4
0.030244 4
0.029849 4
0.030224 4
0.029336 4
0.030634 4
0.030191 4
0.030023 4
0.030222 4
0.030314 4
0.029822 4
0.030609 4
0.030787 4
0.029695 4
0.029675 4
0.031001 4
0.030796 4
0.029723 4
0.029703 1
0.029954 1
0.030628 1
1.179452 1
0.290157 1
0.487896 1
0.524025 2
1.001277 1
0.516320 4
0.486593 1
0.141735 4
1.081487 1
0.832068 1
0.297535 1
0.548556 4
0.173853 4
0.149424 4
0.961068 1
0.261066 1
0.166079 1
0.237935 1
0.262370 1
0.315137 1
0.210887 1
0.241545 1
0.273355 1
0.233562 1
0.246316 1
0.260564 1
1.134990 1
0.410706 1
0.489406 2
0.019740 45
0.002080 59
1.865827 1
0.295977 1
0.328554 1
2.538083 4
0.182500 4
0.140974 4
0.230864 1
0.501284 4
0.237154 1
0.264633 1
0.324729 1
3.299675 2
0.008612 143
3.634542 1
0.252124 1
0.288000 1
0.192144 1
0.119265 1
0.299187 1
0.126680 1
0.189919 1
0.255040 1
1.072519 1
1.131604 4
1.779109 1
0.665326 4
0.593483 1
0.203022 1
0.126439 1
0.219455 1
0.723250 1
0.216077 1
0.996261 1
0.285467 1
0.727326 1
0.242787 1
0.248243 1
0.223741 1
0.275729 1
0.901042 1
0.273933 1
0.650209 4
0.294571 1
0.258236 1
0.316012 1
0.432560 1
0.264497 1
0.605788 1
0.725545 2
0.023878 79
1.281394 1
0.448824 2
0.000544 43
0.004288 34
0.004111 59
1.733403 1
0.459285 1
0.235155 1
0.667348 1
0.407299 1
0.246630 2
0.535559 1
0.182021 1
0.355518 1
0.328079 2
1.311052 1
0.379913 1
0.255661 3
0.853315 1
0.355670 1
0.389600 4
0.072894 1
0.321089 3
0.566681 2
0.006742 105
0.000932 59
1.091032 1
0.220109 1
0.314943 1
0.243639 2
0.982586 1
0.262169 1
0.157395 1
1.257935 22
0.714550 2
0.003700 59
3.633066 1
0.296035 1
0.448352 1
0.161462 1
0.231457 1
0.361255 2
0.002867 363
3.280509 1
0.283934 1
0.572024 1
0.412250 1
0.278494 5
0.795333 1
0.797401 4
0.625958 1
0.383895 1
0.833130 1
0.605012 4
0.161881 4
0.247283 1
0.295606 1
0.338975 1
0.271726 1
0.167962 1
0.410810 1
0.976628 1
0.278519 1
0.241009 1
0.122042 1
1.190650 1
5.027015 1
0.249110 1
0.293612 1
0.789604 4
0.169111 4
4.217402 1
0.480523 1
0.147952 1
0.094598 1
0.313564 2
0.006460 147
1.588553 25
0.287230 1
0.171773 1
0.166258 1
0.141713 1
0.561054 9
0.212892 9
0.126846 9
0.203799 9
0.295449 9
0.638496 2
0.008155 105
0.015139 50
0.011128 59
3.152425 30
0.203790 17
0.299096 31
0.616733 2
0.003518 405
6.561784 1
0.227021 1
0.347348 1
0.136438 1
0.700434 1
0.706637 2
0.003586 443
2.740761 5
0.192911 1
0.518131 1
0.219941 1
3.313910 1
0.192962 1
0.319577 1
0.261774 1
0.316727 1
0.527360 1
0.447278 1
0.160617 1
0.066271 1
0.262793 2
0.001996 124
2.574873 1
0.462551 1
0.292733 3
1.188112 1
0.278813 1
0.164435 5
0.951771 1
1.626249 1
0.255491 1
0.338923 1
0.591013 1
1.084515 1
0.303140 4
0.988465 1
0.296542 4
0.512073 2
0.002230 624
0.097286 103
0.647681 26
0.176359 47
0.479135 2
0.002307 124
6.990226 1
0.228325 1
0.647044 1
0.102603 1
0.389746 1
0.351847 1
0.069510 1
0.345004 1
0.865683 1
0.102522 1
0.250159 1
0.168550 3
0.535355 2
0.004599 4051
0.718252 2
0.500272 2
0.029909 2
0.030334 2
0.030641 2
0.029808 2
0.030267 2
0.290964 2
0.210926 2
0.317266 4
0.500851 1
0.029947 1
0.029578 1
0.030606 1
0.029887 1
0.030907 1
0.030542 1
0.029522 1
0.029529 1
0.030580 1
0.030134 1
0.030897 1
0.403212 1
0.741773 63
0.502216 81
0.288765 81
0.180611 81
0.237693 81
0.380107 81
0.448831 81
0.268401 81
0.334275 81
0.205748 81
1.194797 90
0.501310 89
0.030820 88
0.029547 87
0.029502 86
0.031165 85
0.030238 84
0.029885 83
0.029567 82
0.030785 81
0.030750 80
0.029156 79
0.030933 78
0.029529 77
0.030549 76
0.030059 75
0.030835 74
0.030975 73
0.029504 72
0.417753 69
0.301013 79
0.492649 71
0.742066 18
0.346274 44
0.109896 1
0.208780 1
0.197065 19
0.001232 108
1.582154 1
0.206425 1
0.212053 1
0.224719 1
0.190147 1
0.761056 1
0.066226 1
0.327493 1
0.391300 1
0.390781 4
0.069350 1
0.218622 1
0.324460 1
0.350290 5
1.106205 1
0.255568 1
0.274270 3
0.621112 2
0.002761 90
0.000563 4095
0.000063 228
0.695351 2
0.190473 2
0.155789 2
0.160152 2
0.212989 2
0.768662 64
1.236777 7
0.575545 1
0.501304 1
0.029926 1
0.029870 1
0.029610 1
0.030260 1
0.030747 1
0.029782 1
0.029629 1
0.030469 1
0.030884 1
0.030111 1
0.029431 1
0.029237 1
0.030470 1
0.030978 1
0.029369 1
0.029682 1
0.030934 1
0.031015 1
0.030136 1
0.644223 57
0.129594 57
0.145935 57
0.152783 57
0.151317 57
0.152972 57
0.164875 57
0.157750 57
0.187681 57
0.180723 57
0.673475 47
0.282399 47
0.142527 47
0.271683 47
0.502306 1
0.212328 1
0.184418 1
0.159628 1
0.157264 1
0.155822 1
0.158162 1
0.174538 1
0.213163 1
0.200281 48
0.166143 48
0.158373 48
0.147415 48
0.149432 48
0.165223 48
0.172010 48
0.173413 48
0.290152 38
0.289546 38
0.327380 38
0.227429 38
0.386122 17
0.471827 44
0.065488 1
0.204964 1
0.253749 26
0.001673 107
2.737535 1
0.375363 1
0.201459 1
0.222789 2
0.719251 1
0.290678 1
0.174584 1
0.230653 1
0.529885 1
0.249160 1
0.258240 4
0.175399 4
0.156122 4
0.530123 1
0.321442 1
0.274538 1
1.275286 1
0.817972 1
0.178955 1
0.146647 1
0.163762 1
0.126822 9
0.314365 3
0.190509 3
0.150971 3
0.163235 3
0.104711 6
0.921198 1
0.384866 1
0.187699 1
0.105559 1
0.624440 1
0.384834 1
0.188347 3
0.949462 1
0.244415 1
0.164629 3
0.619148 1
0.447510 1
1.947924 1
0.158266 4
0.794800 1
0.323130 1
0.282426 3
0.609260 4
0.388105 2
0.239622 40
0.088950 60
0.010153 67
0.881096 65
1.468652 1
0.308923 1
0.399060 1
0.447083 4
0.136300 1
0.185649 1
0.145303 1
0.133018 1
0.342470 2
0.049789 83
0.001379 126
21.072442 11
0.464853 2
1.849657 53
0.032604 55
0.954737 1
0.175604 1
0.480508 1
0.309770 1
0.196500 1
0.522292 2
0.005089 393
4.375936 1
0.245824 1
0.244445 1
0.138877 1
0.305299 1
0.404890 2
0.003589 431
7.322911 8
0.000552 34
0.001281 126
0.622832 6
