0.017068 130
1.188413 1
0.160183 1
0.492434 1
0.287496 1
0.104841 1
0.291571 1
0.300004 1
0.175753 1
0.155805 1
0.150408 1
0.533618 1
0.476326 2
1.934478 53
0.025393 43
1.534780 1
0.152033 1
0.284768 1
0.342990 1
0.227755 1
0.502991 2
0.006598 1238
7.678977 1
0.388096 1
0.173319 1
0.279792 1
0.700241 1
0.638135 1
0.313834 1
0.808717 1
0.664571 1
0.124811 1
1.417519 4
0.500022 4
0.029387 4
0.030620 4
0.031129 4
0.030244 4
0.030212 4
0.301016 1
0.338795 1
0.470310 1
0.503981 1
0.098321 5
0.709429 1
0.190707 1
0.210471 1
0.269825 1
0.191255 1
0.443135 1
1.173650 1
0.732185 1
0.729558 4
0.328073 1
0.923213 1
0.440442 1
0.078981 1
1.173141 1
0.329522 2
0.007917 342
1.564846 1
0.156653 1
0.093120 1
0.153019 1
0.121629 1
0.164806 1
0.139937 1
0.304049 2
0.033545 55
1.622493 1
0.085324 1
0.266629 1
0.156981 1
0.232810 1
0.288939 4
0.701195 1
0.166728 1
0.203031 1
0.286725 1
0.204256 1
0.840194 1
0.661170 4
0.094291 1
0.808883 1
0.351746 4
0.100450 1
0.329520 1
0.504869 1
0.245634 1
0.121236 1
0.441307 1
0.324397 2
0.169502 52
0.004071 99
1.626581 1
0.185531 1
0.317070 1
0.530626 1
0.218240 5
0.921586 1
0.365848 1
0.457030 1
0.249280 1
0.185151 1
0.152489 1
0.654335 4
0.670740 1
0.151869 1
0.803893 1
1.251663 1
0.118637 1
0.238154 1
0.590801 1
1.265989 1
0.266933 1
0.535661 4
0.333357 4
0.203399 1
0.231356 1
0.894831 1
0.111461 1
0.284978 1
0.126178 1
0.201011 1
0.654764 1
0.385906 4
0.168957 4
0.023100 1
0.215911 1
0.257334 1
0.166936 1
0.602713 1
0.294715 1
0.444298 1
0.522746 2
0.042351 94
2.172572 1
0.487798 1
1.068044 1
0.171866 1
0.201237 6
1.136677 1
0.990409 1
0.270005 1
0.268178 1
0.197425 1
0.075399 3
0.616200 2
0.009110 691
1.604665 1
1.042097 1
0.176901 1
0.978055 1
0.416816 1
1.205848 1
0.208153 1
0.382209 1
0.322415 1
0.273318 1
0.556224 1
1.316269 1
0.245389 1
0.139476 5
0.155955 3
0.181222 3
0.265224 3
0.194757 1
0.287695 2
0.002571 52
2.903174 1
0.066343 1
1.811853 1
1.008506 1
0.228452 1
0.315194 4
0.973164 1
1.401444 1
0.346785 1
0.314231 1
0.207445 1
1.412432 1
0.315356 1
0.374636 1
0.372242 1
0.631977 1
0.352061 1
0.501495 1
0.347401 1
0.398396 1
0.176913 1
0.610294 1
3.645839 1
0.332938 1
0.730297 1
0.319659 1
0.185979 1
1.312158 1
0.369292 1
0.975311 1
0.288452 1
0.178053 1
0.432345 1
0.116122 1
1.091727 1
0.413129 2
0.035625 50
0.048763 38
0.005777 47
0.438061 38
0.302235 4
0.158055 1
0.238133 2
0.023098 38
0.003676 47
0.487450 38
0.172772 4
0.278630 1
0.155834 2
0.022401 38
0.003194 47
0.343026 38
0.219497 4
0.167196 1
0.208958 2
0.024018 38
0.003444 47
0.258642 38
0.261893 4
0.166305 1
0.187455 2
0.022416 38
0.003469 47
0.620130 1
0.325741 1
1.271399 1
0.090151 1
0.340837 1
0.742567 1
0.487588 1
0.302485 1
0.252601 1
0.119639 3
1.896360 1
0.127106 1
0.257409 1
0.288899 1
0.193267 1
1.478566 1
0.540856 1
0.719337 1
0.624804 1
0.269383 5
0.967105 1
0.227850 7
0.999710 1
0.417507 2
0.001991 78
0.064131 672
0.842525 47
5.081926 1
0.222267 1
0.655765 4
0.827018 1
0.847372 4
0.413922 1
0.265206 1
0.191273 1
0.230295 1
0.223556 1
0.654608 1
0.460034 1
0.318035 1
0.292618 1
0.199227 1
0.843997 1
1.657352 1
0.566346 1
0.289960 1
0.197887 1
0.081018 3
4.327713 1
0.308385 7
1.274331 1
1.273413 2
0.008600 102
0.694876 1
0.324724 27
0.377440 1
0.179768 1
0.596717 1
0.210284 1
0.253415 1
0.386153 2
0.169017 47
2.782415 1
0.266546 1
0.312224 1
0.889736 1
0.078563 1
0.303818 1
0.795614 1
0.382060 1
0.241822 1
0.544330 1
0.265299 1
0.194539 1
0.252232 1
0.188341 1
0.112365 1
0.244911 1
0.153985 1
0.424103 1
0.112327 1
0.243904 1
0.128437 1
0.230889 1
0.321133 1
1.093348 1
0.391738 1
1.003710 1
0.355032 1
0.648674 1
0.327080 1
0.181544 1
0.404299 1
1.672275 2
0.002942 29
0.079024 47
11.854067 1
0.099147 1
0.151378 1
0.160327 1
0.231589 1
0.530311 1
0.066826 1
0.280716 1
0.729555 1
0.104953 1
0.168027 1
0.173060 3
0.546327 2
0.004820 4095
0.000086 565
0.922710 64
0.484076 2
0.499711 2
0.029905 2
0.029580 2
0.030908 2
0.028900 2
0.030789 2
0.029744 2
0.030694 2
0.030355 2
0.221457 2
0.267300 1
0.499919 1
0.029037 1
0.030046 1
0.030343 1
0.030261 1
0.029983 1
0.030160 1
0.030728 1
0.029969 1
0.031208 1
0.029905 1
0.030299 1
0.030809 1
0.030796 1
0.031193 1
0.030002 1
0.030880 1
0.029656 1
0.029941 1
0.029627 1
0.030654 1
0.029884 1
0.029612 1
0.030383 1
0.029872 1
0.030566 1
0.030562 1
0.029744 1
0.030720 1
0.030533 1
0.029728 1
0.030371 4
0.030794 4
0.029395 4
0.030210 1
0.030262 1
0.029594 1
0.030560 1
0.030099 1
0.030997 3
0.029734 1
0.029765 1
0.029786 1
0.031026 1
0.030348 4
0.030552 1
0.029548 1
0.029861 1
0.030979 1
0.028790 1
0.030691 1
0.029685 1
0.030683 1
0.030397 1
0.030356 1
0.029251 1
0.031320 1
0.030277 1
0.030138 1
0.029709 1
0.030271 1
0.029932 1
0.029567 1
0.030540 1
0.030906 1
0.799840 1
0.526695 40
0.350743 23
0.399738 8
0.257286 1
0.204410 1
0.240873 40
0.375165 23
0.356441 1
0.193667 1
0.244341 35
1.049913 19
0.159122 19
0.168640 19
0.410344 19
0.377772 19
2.059776 54
1.158964 22
0.289261 22
0.462807 19
0.487878 37
0.405786 19
1.762793 19
0.170818 19
0.649566 19
0.377637 22
0.776378 19
0.329073 19
0.217285 19
0.407337 19
0.076603 19
0.354766 21
0.863005 19
0.173152 19
0.272981 19
0.493240 19
0.186162 19
0.173281 19
0.279266 19
1.194317 19
0.181316 19
0.513386 19
0.851431 24
0.651939 19
0.668797 19
0.135962 19
0.847446 18
0.778273 44
0.145563 1
0.225216 1
0.124476 19
0.000928 96
0.895971 1
0.246675 1
0.219839 1
0.198595 1
0.249055 1
0.225648 1
0.523331 1
0.075963 1
0.299974 2
0.005946 47
1.201951 1
0.259720 1
0.235078 1
0.230224 1
0.591866 1
0.243961 1
1.183530 1
0.259792 1
0.472813 1
0.243270 1
0.127294 1
0.261759 1
0.231614 1
0.253296 1
0.208217 1
0.628124 1
0.383214 2
0.002607 190
2.573441 1
0.304350 1
0.276968 1
0.195563 1
1.005500 1
0.190833 1
0.525011 1
0.429862 36
19.893934 1
0.218409 1
0.584616 1
0.372955 1
0.187113 1
0.216589 1
0.501042 1
0.559883 1
0.213001 1
0.296500 1
0.200918 1
1.384232 1
0.551233 1
0.180570 1
0.234155 1
0.334723 1
0.250227 1
0.258547 1
0.264238 1
0.429187 1
0.391433 1
0.427409 1
0.749481 1
0.183316 1
0.222903 1
0.113319 1
0.923527 1
0.641895 1
0.165678 1
0.438091 1
0.769408 1
0.558505 1
0.971444 1
0.791235 1
0.161418 1
0.284298 1
0.190810 1
0.247704 1
0.277470 1
0.883429 1
0.546716 3
0.593896 1
0.231309 1
0.181095 1
0.613161 1
0.332501 1
0.714403 1
0.132610 1
0.157312 1
0.160741 1
0.158923 1
0.196715 5
0.366926 5
0.408097 5
0.224156 5
0.567679 3
0.500526 3
0.029800 3
0.031042 3
0.030789 3
0.028644 1
1.148962 1
6.159821 1
0.615831 1
0.163381 1
0.552458 1
0.693196 1
0.391935 4
0.276440 1
3.069000 1
0.216430 1
0.264710 1
0.167049 1
0.488776 1
0.374737 4
0.131789 1
0.166795 1
0.227643 1
0.193054 1
0.111996 1
0.498078 1
1.548261 1
0.416478 1
0.079431 1
0.151235 1
0.582170 1
0.095624 1
0.200741 1
0.620419 1
0.346507 1
0.166363 1
0.362768 1
0.221898 1
0.079320 1
0.271054 1
0.162354 1
0.605350 2
0.979969 53
1.010006 53
0.951972 55
0.939371 55
1.181324 55
0.935520 55
0.922853 55
0.986129 55
0.928749 55
0.928983 56
0.930160 56
1.067382 56
0.930870 56
0.932337 56
0.941912 56
0.963221 56
0.955095 56
0.936214 56
0.946130 56
0.933552 56
0.945879 56
0.942181 56
0.932869 56
0.938110 56
0.926738 56
0.942658 56
0.949140 57
0.935439 57
0.233010 97
0.000396 34
9.196120 1
0.578260 1
0.439795 1
0.253796 1
0.265144 1
0.170045 2
1.313711 1
0.450990 1
0.170070 3
0.680360 1
0.497916 1
0.159856 1
0.188212 1
0.200800 1
0.161875 1
0.136825 1
0.494647 1
0.321525 1
0.352240 1
0.698018 2
23.866884 34
15.308748 1
0.331526 1
0.891928 1
0.708390 1
0.375486 3
0.729961 1
0.161056 1
0.243211 1
0.686030 1
0.163062 1
0.209093 1
0.111038 2
0.373585 1
0.714174 1
0.416814 3
0.527907 2
23.386214 44
3.310673 1
0.267106 1
0.451658 1
0.308904 1
0.148957 1
0.191445 1
1.263597 2
0.063585 83
0.001097 130
2.295096 11
1.030878 2
34.374779 53
0.032268 18
0.000105 25
2.063252 1
0.201840 1
0.122514 1
0.131007 1
0.261842 1
0.717335 1
0.073592 1
0.277081 2
0.030897 55
0.682142 1
0.239714 1
0.230615 1
0.187105 1
0.275619 1
0.228054 1
0.540939 4
0.687267 1
1.449987 4
0.499475 4
0.030123 4
0.030192 4
0.031050 4
0.030309 4
0.030096 1
0.030785 1
0.030055 1
0.030542 1
0.124665 1
0.388302 1
0.328291 1
0.179382 1
0.326066 1
0.323473 2
0.003953 747
3.878937 1
0.300638 1
0.755800 1
0.223307 1
0.425105 1
0.506152 1
0.275953 1
0.656148 1
0.204474 1
0.261066 1
0.196967 1
4.105938 1
0.332355 1
0.644511 1
0.313147 1
0.330473 1
0.160210 3
1.161305 1
0.396724 1
0.254306 6
0.997281 1
0.405639 4
0.192062 1
0.131664 1
0.496401 1
0.201629 1
0.256994 1
0.454659 2
0.002061 106
2.360116 31
0.455069 1
0.167602 1
0.158038 1
0.162663 1
0.156761 1
0.120508 11
0.326559 2
0.108756 47
3.204111 1
0.307575 1
0.257043 1
0.974105 1
0.083249 1
0.633403 1
1.373711 1
0.274508 1
0.427499 1
1.841391 1
0.324149 1
0.218035 1
0.279820 1
0.192631 1
0.128025 1
0.441171 1
0.944678 1
0.504438 1
0.141919 1
0.321992 1
0.258943 1
0.171026 1
0.267662 1
0.305695 1
0.314290 1
0.427408 1
2.827829 1
0.467122 1
0.622537 1
0.720885 1
0.638365 1
0.599781 1
0.657690 1
1.538581 1
0.664991 1
0.385147 3
0.789930 1
0.458625 1
0.251389 1
0.341718 1
1.134592 1
0.356028 1
0.223963 1
0.368869 1
0.305182 1
0.197306 1
0.573010 1
0.119931 1
0.189169 1
0.426247 1
0.499789 1
0.030597 1
0.030846 1
0.029049 1
0.030737 1
0.030033 1
0.030152 1
0.030890 1
0.030667 1
0.029595 1
0.030717 1
0.030441 1
0.030135 1
0.030542 1
0.030494 1
0.030396 1
0.029851 1
0.030627 1
0.030313 1
0.029433 1
0.030064 1
0.936829 5
0.375805 5
0.576193 5
0.036801 5
0.425569 5
0.326814 3
0.500284 3
0.029859 3
0.031034 3
0.030121 3
0.029480 3
0.030561 3
0.029740 3
0.030762 3
0.030451 3
0.029473 3
0.031081 3
0.028831 3
0.030658 3
0.030227 3
0.030030 3
0.031010 3
0.029693 3
0.029774 3
0.030122 3
0.029438 3
0.030115 3
0.030249 1
0.030753 1
0.029052 1
0.427903 2
0.002619 61
0.145946 47
1.444448 1
0.260503 1
0.318384 1
0.400223 1
0.308134 1
0.165786 1
0.328875 1
0.423409 36
1.387988 7
0.340026 57
0.651058 86
0.271018 15
0.301755 57
0.386854 11
0.340473 25
0.712070 27
0.471914 124
2.040205 2
1.008600 53
1.005806 1
0.001305 31
0.011410 23
1.042686 55
0.997487 55
1.012165 55
1.001489 55
1.107869 55
1.038595 55
1.013142 55
1.054221 56
1.036169 56
1.017000 56
1.079483 56
1.020917 56
1.006394 56
1.011828 56
1.023919 56
1.023562 56
1.103371 56
1.090462 56
0.996148 56
1.049333 56
1.056949 56
1.004124 56
1.019192 57
1.007578 57
1.008097 57
0.114733 97
0.004921 34
2.004289 75
0.197541 59
0.199606 57
0.308523 86
0.360908 15
0.298834 57
0.517269 11
0.397805 25
1.122087 2
24.917787 100
2.977751 1
0.228208 1
0.305234 1
0.293767 1
0.169533 1
0.336350 31
4.703229 1
0.245694 1
0.223622 1
0.240503 1
0.171511 1
0.243087 1
0.230064 1
0.140112 1
0.671600 4
0.308262 1
0.340883 1
0.175506 1
0.421093 1
0.609002 2
0.005713 29
6.248403 1
0.307869 1
0.199035 1
0.348704 1
0.108819 1
0.398802 1
0.343097 1
1.257172 4
0.607646 1
0.312715 1
0.186603 1
0.267012 1
0.367425 1
0.129750 1
0.306368 1
0.341349 1
0.205921 1
0.264254 1
0.244323 1
0.454646 1
0.113448 1
0.241690 1
0.042744 1
0.147005 1
1.783727 1
0.466667 1
0.257910 1
0.285985 1
0.493292 1
0.674629 1
0.178529 1
0.446186 1
1.018947 2
0.002927 4095
0.000279 2912
1.370837 30
9.523716 1
0.122455 1
0.500047 1
0.029707 1
0.033698 1
0.026765 1
0.029936 1
0.029823 1
0.029697 1
0.030379 1
0.029738 1
0.030198 1
0.029646 1
0.030510 1
0.029529 1
0.030001 1
0.030494 1
0.275153 3
0.174984 5
0.161268 5
0.137226 5
0.134901 5
0.144609 5
0.158332 5
0.164245 5
0.153451 5
0.133905 5
0.643907 5
0.290533 5
0.760684 5
0.776077 5
0.222788 5
0.474705 5
0.206661 5
0.211143 5
0.812746 2
0.011503 42
0.002826 29
1.050316 31
0.222184 4
0.500809 4
0.030493 4
0.029447 4
0.030126 4
0.029824 4
0.030525 4
0.029413 4
0.030321 4
0.029201 4
0.030837 4
0.030048 4
0.030953 4
0.030439 4
0.264907 4
0.443339 1
0.284523 1
0.106545 1
0.311284 1
0.245961 1
0.191060 1
0.317841 1
0.522492 1
0.852109 1
0.299889 4
0.154040 4
0.587970 1
0.479174 1
0.557040 1
1.032007 1
0.376562 1
1.194427 1
0.383644 1
0.943900 1
0.196695 1
0.185221 7
0.863639 4
0.122330 1
0.497139 1
0.629644 1
0.258113 1
0.250178 1
0.446147 1
0.548328 1
0.208604 1
0.387782 1
0.395158 2
0.001561 52
0.218995 29
8.330527 1
0.316545 1
0.172152 1
0.506361 1
0.129391 1
0.658393 1
1.350784 1
0.435887 1
0.085589 1
0.254769 2
0.591714 4
0.178027 4
3.739292 1
0.191630 1
0.257555 1
0.311971 1
0.415016 1
0.473258 1
2.725471 1
0.574745 1
0.266232 1
0.412050 1
0.488385 1
0.393924 1
0.362147 1
0.776201 1
1.256731 1
0.757483 1
0.965425 4
0.499365 1
0.219754 1
0.392938 1
0.409460 1
0.358218 1
0.171819 1
0.317992 2
0.001049 39
1.385781 30
0.403366 1
0.174440 1
0.155459 1
0.220944 7
0.209836 7
0.734180 7
0.116084 7
0.301110 7
0.255747 2
0.001150 38
1.038666 35
0.265731 15
0.339353 102
0.374326 69
1.734652 1
0.258777 1
0.915187 1
0.101594 1
0.273512 1
0.368451 2
0.001164 76
1.265581 1
0.275368 1
0.238666 1
0.176836 1
0.246015 1
0.203536 1
0.296058 1
0.162101 1
0.296466 4
0.185415 4
0.582373 1
0.374473 1
0.161657 1
0.304165 1
0.400220 2
0.006265 29
0.916631 1
0.202508 1
0.247996 1
0.126610 1
0.557758 1
0.175304 1
0.367396 1
0.788526 36
1.312597 7
0.590800 31
0.251806 46
0.235762 100
0.419210 15
0.209088 108
0.205639 69
0.266883 83
0.314753 65
0.511818 20
0.359595 24
0.844580 2
21.343476 28
0.000668 16
12.078114 1
0.187196 1
0.233681 1
0.237933 1
0.166903 1
0.322015 1
0.546291 1
0.123157 1
0.633394 1
0.199877 1
0.251212 1
0.389968 2
0.004667 34
9.832894 1
0.119628 1
3.349689 1
0.355246 1
0.449790 1
0.265588 1
0.138570 1
1.292759 1
0.471646 2
0.017961 2427
5.909891 1
0.346695 1
0.217466 1
0.462247 1
0.156939 1
0.309699 1
0.483677 2
0.122299 83
0.001095 130
30.243743 11
0.547315 2
1.967931 53
0.030266 18
0.000061 25
0.892328 1
0.296219 1
0.400998 1
0.741404 1
0.286690 1
0.188294 1
0.318005 1
0.163140 1
1.097699 42
0.350812 8
0.332959 19
0.303722 28
0.637947 66
0.625487 21
0.570825 24
0.537037 12
0.383469 33
0.582654 4
0.500075 4
0.029569 4
0.029667 4
0.030189 4
0.030166 4
0.029712 4
0.030333 4
0.030578 4
0.030973 4
0.030388 4
0.029327 4
0.030137 4
0.030810 4
0.029528 4
0.030455 4
0.029980 4
0.030174 4
0.029507 4
0.030423 4
0.029331 4
0.030701 4
0.029899 4
0.029657 4
0.030761 4
0.030890 4
0.030634 1
0.799310 1
0.413678 1
0.416059 1
1.054121 1
0.337637 4
1.521208 1
0.082444 1
0.245860 1
0.330587 1
0.201078 1
0.250540 3
0.775961 1
0.361627 1
0.224882 3
0.963505 2
21.004863 50
2.239120 8
0.000965 34
0.001155 130
0.637269 6
