0.014267 126
2.156969 1
0.274482 1
0.167822 1
0.394310 1
0.104965 1
0.294427 1
0.352261 1
0.149885 1
0.133500 1
0.160831 1
0.221998 1
0.683584 2
1.779141 24
0.000220 31
1.620840 1
0.251517 1
0.140350 1
0.281818 1
0.251661 1
0.670172 1
0.130523 1
0.242999 2
0.028428 67
1.024739 1
0.093848 1
0.233083 1
0.486954 1
7.303486 1
0.066400 1
0.234623 2
0.698240 1
0.241142 1
0.067772 2
0.584462 1
0.435437 1
0.596234 1
0.306140 1
0.773866 1
0.185949 5
0.398270 1
0.825506 1
0.246746 1
0.394665 4
0.283060 1
0.159565 8
1.038092 1
0.327010 1136
0.478124 75
0.393915 1
0.652321 1
0.588391 1
0.293553 1
0.094298 1
0.164684 1
0.380767 1
0.204128 1
0.714571 1
0.076849 1
0.240491 1
0.179289 1
1.199022 2
0.001381 73
0.912436 1
0.149555 1
0.274422 1
0.267265 1
0.145918 1
1.036964 5
0.733204 79
2.249106 1
0.170494 1
0.180416 1
0.227630 1
1.217453 1
0.291259 2
1.259779 1
0.116875 5
1.098873 1
0.258912 4
1.362948 1
0.264286 1
1.209125 1
0.802198 1
0.122377 1
0.258935 1
0.511191 1
0.611236 1
0.640493 1
0.314087 1
0.485990 2
0.001595 77
0.579494 1
0.092134 1
0.258214 2
0.001287 103
1.286145 1
0.195720 1
0.341172 1
0.250976 1
0.424630 1
0.313487 1
0.182322 1
0.315269 1
0.318302 1
0.412818 1
0.277368 1
0.747862 2
0.000945 131
1.502818 11
0.294544 1
0.164154 1
0.701996 5
0.356435 5
0.398709 2
0.000884 77
1.297213 1
0.066269 1
0.350472 2
0.001300 135
2.561305 1
0.076781 1
0.214626 1
0.914311 1
0.452080 43
0.823987 1
0.253188 1
0.125713 1
0.158173 1
0.970301 1
0.488079 1
0.417665 1
0.204763 1
0.276280 1
0.494471 4
0.653918 1
0.292645 1
0.203177 1
0.454524 1
0.752556 2
0.001578 83
4.344720 1
0.203003 1
0.093837 1
0.433853 1
0.350328 1
0.263111 1
0.231259 1
0.379928 1
0.822348 1
1.239316 1
0.346317 2
0.060652 29
0.255799 94
0.031045 95
0.006430 92
0.005351 105
0.021277 91
0.003916 98
0.075908 94
0.014313 95
0.004019 92
0.004449 105
0.004339 91
0.003705 98
0.058675 32
0.005261 32
0.004552 39
0.007800 32
0.182103 31
0.805141 36
0.287347 30
0.042741 44
0.001870 52
0.001724 33
0.066317 42
0.833318 24
4.503712 31
0.051195 44
0.001641 34
0.001443 53
0.035551 32
0.006791 34
0.006597 40
0.009411 36
0.010758 38
0.009337 49
0.176507 42
0.016269 39
0.014957 35
0.184669 36
0.003715 32
0.039544 34
0.019913 36
0.039043 32
0.056658 60
0.155610 65
0.010231 43
0.501286 47
0.009371 27
0.012529 32
0.002170 25
0.065853 30
0.001832 56
0.006561 46
0.001752 47
0.005127 29
4.355071 34
3.093102 92
0.038667 41
1.530240 1
0.226095 1
0.382176 1
0.253105 1
0.145630 1
0.114395 1
0.299191 2
0.045422 83
0.001192 126
7.670268 11
0.787287 2
1.531644 126
1.189027 1
0.175168 1
0.157825 1
0.287707 1
0.242550 1
0.742078 1
0.165289 1
0.256280 1
0.209732 1
1.677070 4
0.500354 4
0.030118 4
0.029926 4
0.029092 4
0.030930 4
0.029606 4
0.029408 4
0.030832 1
0.030153 1
0.166162 11
0.685532 2
1.798781 53
0.030572 24
0.000255 31
1.216162 1
0.341080 1
0.170748 1
0.206157 1
0.232541 1
0.513764 1
0.145491 1
0.255172 1
0.108663 5
0.558821 2
0.000920 272
6.621900 1
0.353917 1
0.129299 1
0.427387 1
1.411258 4
0.500339 4
0.029837 4
0.029771 4
0.030120 1
0.030451 1
0.029264 1
0.154449 1
0.253421 1
0.115489 1
0.152732 1
0.146333 1
0.715517 1
0.934311 1
0.290742 1
0.191795 1
0.894533 1
0.197007 1
0.181714 1
0.198889 5
0.777663 2
0.014031 47
1.147253 1
0.219854 1
0.723145 4
0.162659 4
0.211151 1
0.317420 1
0.089212 1
0.196013 1
0.113129 1
0.362085 1
0.227950 1
0.349299 1
0.228775 1
0.144338 1
0.157306 1
0.296238 2
0.049042 83
0.001060 126
13.501779 11
1.985254 2
9.167390 53
0.032077 24
0.000560 31
1.533763 11
0.450484 16
0.401426 54
0.724513 2
0.001065 272
2.581815 8
0.000760 34
0.001207 126
1.035606 6
