0.016761 128
1.760484 11
0.319510 9
0.587182 5
0.386422 2
1.953555 53
0.022898 43
2.442680 1
0.446071 1
0.504269 1
0.158022 1
1.034675 1
0.337586 2
0.004612 638
2.895642 1
0.318326 1
0.160156 1
0.211010 1
0.338326 1
0.475825 1
0.242212 1
0.218735 2
0.027198 55
10.225943 1
0.417189 1
0.837692 1
0.437456 1
0.317276 1
1.428758 1
0.396663 1
0.264121 1
1.644325 1
1.178148 4
0.143733 1
0.150250 1
0.935847 1
0.286455 1
1.140852 1
0.247628 1
0.249412 1
1.321118 1
0.257790 1
0.231036 1
1.434639 4
0.187595 4
0.198603 4
1.515176 1
0.208592 1
0.217057 1
1.613578 1
0.105060 1
0.639138 1
2.588159 1
0.435095 1
0.952871 1
0.871190 1
0.164755 1
1.491250 1
0.472555 1
3.312088 1
0.265203 1
0.220223 1
0.443861 1
1.545350 4
0.250620 1
0.823926 1
0.494781 1
0.222384 1
0.322380 1
0.343715 1
0.166143 1
0.536705 2
0.034335 38
0.001779 47
3.233387 38
0.199820 74
0.436406 15
0.683545 11
0.850316 4
0.534600 4
0.199411 4
0.282396 2
0.004897 705
3.269557 1
0.387970 1
0.591132 1
0.348467 1
0.579673 1
0.425872 1
0.304838 4
0.711211 1
0.324085 1
0.367688 1
0.467367 1
0.544978 1
0.358423 1
0.787735 1
0.500622 1
0.231121 1
0.225421 1
0.211671 1
0.825301 1
0.317845 1
0.216499 1
0.767659 1
0.340664 7
1.645497 1
0.219958 1
0.140684 6
1.463017 1
0.526190 4
0.478240 1
1.228199 2
0.003297 29
0.011108 619
0.016466 33
0.156732 75
0.012601 10
0.014976 55
5.202850 1
0.384575 1
0.499997 1
0.670477 1
1.695959 1
0.712959 1
1.504789 1
1.198051 1
0.087585 1
0.615720 4
0.557969 1
0.283314 1
0.728780 1
1.383612 1
0.392621 1
0.204869 1
0.148649 8
2.278787 1
0.306324 1
0.253128 6
1.589590 1
3.448754 1
3.206638 1
0.458209 1
0.246839 1
0.251774 1
0.395151 2
0.054077 47
1.290475 1
0.433932 1
0.500625 1
6.066954 1
0.399717 1
0.242619 1
0.928059 1
0.199570 1
1.167976 4
0.195009 1
0.351100 4
0.138093 1
1.195741 4
0.185041 1
0.750912 1
0.494078 1
0.980259 1
0.363773 1
0.855958 1
0.398664 1
0.526201 1
0.421750 4
0.068168 1
0.215089 1
0.718705 2
0.003504 47
2.843013 1
0.275789 1
0.325553 1
1.028527 1
0.488994 1
0.318484 1
0.232879 1
0.099097 1
0.447919 1
0.740012 2
0.001545 47
0.686039 9
0.630446 4
0.164711 4
0.152136 4
0.174828 4
0.174921 4
0.565150 1
0.209330 1
0.175845 1
0.411850 4
0.592679 1
0.937561 1
0.314732 2
0.001283 100
2.238600 1
0.123209 1
0.129297 1
0.140228 1
0.193120 1
0.716899 4
0.500135 4
0.030228 4
0.030260 4
0.029520 4
0.029733 1
0.031167 1
0.029607 1
0.029456 1
0.613440 1
0.273692 1
0.225635 1
0.223563 1
0.208500 1
0.160655 1
0.421528 1
0.182014 1
0.908797 1
0.214025 1
0.243479 1
0.440841 1
1.134366 2
0.006382 47
1.317768 12
0.639851 1
0.499854 1
0.031066 1
0.027998 1
0.030856 1
0.030282 1
0.029916 1
0.029703 1
0.030201 1
0.031023 1
0.029550 1
0.030559 1
0.348276 3
0.138773 5
0.201237 3
0.500797 3
0.029610 3
0.029568 3
0.030674 3
0.029059 3
0.031442 3
0.029514 3
0.029646 3
0.030964 3
0.030217 3
0.030039 1
0.030146 1
0.030060 1
0.238021 4
0.500898 4
0.029523 4
0.029948 4
0.642093 1
0.168143 1
0.193168 1
0.439153 1
0.354554 1
0.323108 1
0.156037 9
1.454000 1
0.217675 1
0.177901 1
0.290920 4
0.242621 1
1.282801 1
0.270232 1
0.347136 1
1.084060 1
0.099477 1
0.700916 1
0.236503 1
0.724465 1
0.294897 1
0.225794 1
0.080113 1
0.331040 2
0.008405 47
0.670329 36
0.260956 78
0.610294 36
0.307882 9
0.380475 25
0.487652 49
0.377745 101
0.408148 69
0.705245 4
0.500245 4
0.030628 4
0.029616 4
0.029928 4
0.029202 1
0.030615 1
0.029944 1
0.030112 1
0.030124 1
0.031279 1
0.389166 1
0.139034 1
0.273374 1
0.148967 1
0.712106 1
0.568758 1
0.224457 1
0.132254 2
0.511189 2
0.001738 100
4.497353 1
0.156835 1
0.344455 1
0.308438 1
0.216734 1
0.646749 1
0.115158 1
1.252061 1
0.131389 2
0.004504 1094
4.440505 1
0.287540 1
0.660276 1
0.379939 1
6.378126 1
0.279738 1
0.298364 1
0.243026 1
0.292025 1
0.641842 1
0.638357 1
0.343388 1
0.156262 1
0.794186 2
0.004321 15
0.001031 3849
1.385391 2
0.499807 2
0.030088 2
0.029733 2
0.029784 2
0.030029 2
0.031235 2
0.030105 2
0.029930 2
0.030223 2
0.029293 1
0.030608 1
0.441846 4
0.499649 1
0.030320 1
0.030208 1
0.029950 1
0.030438 1
0.030573 1
0.029530 1
0.029586 1
0.030281 1
0.030109 1
0.030088 1
0.030482 1
0.030156 1
0.031003 1
0.030804 1
0.030902 1
0.029900 1
0.030398 1
0.029139 1
0.029869 1
0.030071 1
0.030351 1
0.030194 1
0.030793 1
0.030795 1
0.028967 1
0.029989 1
0.029920 1
0.030593 1
0.030130 1
0.029056 1
0.030448 1
0.029711 1
0.030718 1
0.030873 1
0.029881 1
0.029273 1
0.031753 1
0.029594 1
0.029585 1
0.030841 1
0.030417 1
0.029923 1
0.029989 1
0.030977 1
0.030806 1
0.029278 1
0.029744 1
0.030478 1
0.029410 1
0.031692 1
0.028610 1
0.030135 1
0.029895 1
0.029575 1
0.031140 1
0.030947 1
0.663451 63
0.476174 1
0.518483 1
0.499892 1
0.029353 1
0.031833 1
0.028376 1
0.030113 1
0.030170 1
0.029594 1
0.029791 1
0.030564 1
0.030440 1
0.029791 1
0.029329 1
0.030506 1
0.030331 1
0.030626 1
0.030257 1
0.029459 1
0.030712 1
0.029583 1
0.030339 1
0.030645 1
0.030173 1
0.030192 1
0.030002 1
0.031022 1
0.031045 1
0.273300 35
0.816191 19
0.788019 19
0.135018 19
0.206610 19
0.252426 19
0.854041 19
0.113741 19
0.294148 19
0.165271 19
0.147470 19
0.281764 19
0.415210 19
0.727034 19
0.263023 19
0.216547 19
0.965538 19
0.617925 19
0.132228 19
0.237803 19
0.292693 19
0.978719 19
0.166387 19
0.223188 19
0.629849 19
0.233003 19
0.120318 19
0.767739 19
0.337133 19
0.226483 19
0.947761 19
1.276525 37
0.811812 19
0.097529 19
0.638040 19
0.442333 22
1.070902 19
0.333135 19
0.338796 19
0.226408 19
0.113202 19
0.414934 21
1.806302 19
0.314352 19
0.802152 19
1.344729 19
0.671247 22
8.744926 30
1.266545 19
5.775283 19
0.387372 19
0.218053 19
0.240863 19
0.240496 19
0.475808 19
0.461573 19
0.497108 19
0.351844 19
0.148567 19
0.812665 18
1.000302 18
1.471360 26
0.146507 1
0.102252 1
0.738497 19
0.001104 96
0.763281 13
0.457295 4
0.500414 4
0.029969 4
0.030477 4
0.030394 4
0.029845 4
0.030097 4
0.029863 4
0.030109 4
0.030685 4
0.029467 4
0.030146 4
0.029933 4
0.030137 1
0.030468 1
0.029504 1
0.029677 1
0.397182 1
0.222709 1
0.235168 1
0.200918 1
0.145138 1
0.233660 1
0.135458 1
0.142814 1
0.243768 2
0.001837 47
4.006585 1
0.195071 1
0.300022 1
0.343076 1
0.158107 1
0.085881 1
0.362825 2
0.185319 83
0.001266 128
2.420151 11
0.847563 2
34.372121 53
0.029572 43
2.396186 7
0.430596 16
0.624596 2
0.005722 698
2.524025 1
0.259434 1
0.244147 1
0.199710 1
0.139650 1
0.323286 2
0.002050 2737
1.146485 5
0.782664 1
0.782102 1
0.180194 1
0.513474 1
0.991428 1
0.125734 1
0.184256 1
0.307369 1
0.520516 1
0.529161 1
0.294172 1
0.100458 1
0.304416 2
0.002723 158
11.244444 8
0.001092 34
0.001390 128
0.678181 6
