0.013959 126
2.333058 1
0.332339 1
0.295345 1
0.865496 1
0.116455 1
0.218241 3
0.928297 1
0.202476 1
0.410729 1
0.866608 2
1.932499 24
0.000152 31
7.496111 1
0.208261 1
0.082988 1
0.833514 1
0.107464 1
0.187716 1
0.150543 1
0.237677 2
0.028499 67
1.181283 1
1.141255 1
0.185511 1
0.805427 2
0.011972 153
1.398883 1
0.280243 1
0.854300 1
0.361972 1
0.519564 1
0.282184 4
1.531880 1
1.014121 1
0.670725 1
0.719448 1
0.394387 1
0.295399 6
3.029839 1
0.223815 1
0.097040 1
0.207044 1
0.899351 1
0.247803 1
1.993784 2
0.057677 121
2.489483 1
0.273077 1
0.362754 1
0.924410 2
0.008822 329
1.735218 1
0.288827 1
0.528240 1
0.214809 1
0.284479 1
0.706164 1
0.492281 4
2.839249 1
0.839868 1
0.351514 4
0.175038 4
0.307227 1
0.793165 1
1.037469 1
0.373743 1
0.637527 1
1.663775 1
1.116481 1
1.001933 1
1.404817 1
0.292240 1
0.229902 1
0.998362 4
0.499839 4
0.030294 4
0.029366 4
0.029824 4
0.030261 4
0.030383 4
0.029398 4
0.030078 4
0.030294 4
0.029693 4
0.030107 4
0.030462 4
0.031097 4
0.030902 4
0.029450 4
0.029894 4
0.030632 4
0.467201 1
0.772481 1
0.236119 1
0.323809 1
0.119951 1
0.222327 1
0.498072 2
0.003517 410
2.258137 5
0.385747 10
0.524063 4
0.172422 4
0.161107 4
0.440562 1
0.240047 1
0.310509 4
0.099463 1
0.644501 1
0.198681 1
0.252962 1
0.760995 1
0.457691 1
0.126145 3
2.064469 1
1.070148 1
0.187423 1
0.351293 1
2.016439 1
0.823212 1
0.687009 1
0.894781 4
0.393910 1
1.036458 1
0.232492 1
0.136899 1
0.846205 1
0.306755 1
0.192325 1
1.365187 1
0.178198 1
0.220328 1
2.081406 1
0.370293 1
1.513436 1
0.307126 1
0.149593 1
0.349557 1
0.723791 2
0.020290 59
0.011686 59
0.945683 31
0.247133 1
0.500345 1
0.030390 1
0.030596 1
0.030052 1
0.030548 1
0.030687 1
0.504795 19
0.107074 15
0.184882 3
0.500576 3
0.030425 3
0.029106 3
0.030386 3
0.030134 3
0.029734 3
0.029651 1
0.029795 1
0.030554 1
0.030798 1
0.268185 4
0.188596 4
0.165599 4
0.171764 4
0.306137 1
0.368673 1
0.251950 1
0.226508 1
0.462651 2
0.019432 59
0.013505 59
1.275112 1
0.548320 1
0.086072 1
0.947378 2
0.008708 323
2.327721 1
0.301437 1
0.207999 1
0.323964 1
0.759060 1
0.723483 1
0.143163 1
0.281272 1
0.706933 1
1.545905 1
3.723228 1
0.512570 1
0.244937 1
0.890217 1
0.532731 1
0.135139 1
0.285892 1
0.298797 1
1.138208 1
0.207506 1
0.349284 1
3.679989 1
0.283236 1
0.434357 1
0.335738 1
0.813068 1
1.827554 1
1.373536 1
0.405376 1
0.382287 1
0.434257 1
1.584478 1
0.441350 1
0.361629 1
0.647187 1
0.170840 1
0.512125 1
0.727066 1
0.263131 4
0.696988 1
0.538104 1
0.275798 1
0.326946 1
0.249531 1
0.815816 1
0.273600 1
1.051711 1
0.287413 5
0.958858 1
0.402749 1
0.324440 3
0.869898 1
0.544439 1
0.248118 1
0.210219 3
1.155346 1
0.258186 1
0.256605 1
0.264462 2
0.621371 1
1.260703 1
0.321930 1
0.299687 1
0.363039 3
1.209276 1
0.454942 1
0.331478 3
1.076001 4
1.111665 2
0.003541 59
1.273467 80
0.276958 1
0.500248 1
0.030014 1
0.030187 1
0.031133 1
0.029988 1
0.029612 1
0.030702 1
0.029463 1
0.029852 1
0.030671 1
0.030849 1
0.029769 1
0.029996 1
0.029545 1
0.030813 1
0.030020 1
0.030768 1
0.029736 1
0.029857 1
0.030533 1
0.030727 1
0.029963 1
0.029575 1
0.030820 1
0.030785 1
0.029820 1
0.029619 1
0.030752 1
0.030722 1
0.029814 1
0.029566 1
0.030904 1
0.031193 1
0.030795 1
0.029648 1
0.029736 1
0.029559 1
0.030186 1
0.030832 1
0.030980 1
0.030433 1
0.029828 1
0.029929 1
0.030570 1
0.029343 1
0.030615 1
0.029954 1
0.029874 1
0.030406 1
0.030287 1
0.029835 1
0.030800 1
0.031038 1
0.031346 1
0.030604 1
0.029500 1
0.029665 1
0.030092 1
0.030291 1
0.030449 1
0.029667 1
0.030146 1
0.029698 1
0.030644 1
0.493453 3
0.204204 3
0.187430 3
0.168721 3
0.190460 3
0.402020 5
0.499951 5
0.029352 5
0.030504 5
0.030583 5
0.029648 5
0.030757 5
0.030108 5
0.309245 5
0.212989 5
3.237029 5
0.343537 5
1.254260 5
0.958779 5
0.426324 5
0.263136 5
0.727638 5
0.171750 5
0.548302 3
0.240843 3
0.177689 3
0.164370 3
0.162497 3
0.185777 3
0.171223 3
0.460779 5
0.159472 5
0.151522 5
0.158188 5
0.180320 5
0.176703 5
0.652687 5
0.596272 5
0.316006 5
0.600630 5
0.180145 5
1.031356 5
0.531354 2
0.001895 59
0.596863 78
0.234065 1
0.500532 1
0.030391 1
0.029631 1
0.030282 1
0.029479 1
0.030843 1
0.029717 1
0.029505 1
0.030023 1
0.030883 1
0.030723 1
0.029724 1
0.029679 1
0.030905 1
0.030777 1
0.029723 1
0.029693 1
0.030780 1
0.030818 1
0.031019 1
0.030666 1
0.029764 1
0.029896 1
0.030592 1
0.030905 1
0.029923 1
0.029517 1
0.030904 1
0.030588 1
0.029905 1
0.029650 1
0.029820 1
0.030653 1
0.029963 1
0.029410 1
0.030854 1
0.030927 1
0.030686 1
0.029522 1
0.030008 1
0.030843 1
0.029654 1
0.029814 1
0.029809 1
0.030130 1
0.030199 1
0.029590 1
0.030597 1
0.029624 1
0.030535 1
0.029952 1
0.030511 1
0.030355 1
0.029543 1
0.029808 1
0.030796 1
0.030945 1
0.029638 1
0.030212 1
0.325027 5
0.093562 5
0.179932 3
0.189182 3
0.164357 3
0.160656 3
0.165671 3
0.168864 3
0.173868 3
0.189625 5
0.163184 5
0.160247 5
0.158490 5
0.328575 5
0.365763 5
0.261471 5
0.376217 5
0.723713 2
0.001870 59
1.165916 1
0.302131 1
0.217700 1
0.206839 1
1.708294 1
0.177026 1
0.290709 1
0.409000 1
0.261184 1
0.565718 1
0.639021 1
0.447684 1
0.375486 3
0.533694 2
0.001005 539
2.450326 15
0.323969 4
0.263749 4
0.193979 4
0.177549 4
0.170149 4
0.161344 4
1.469450 1
0.347239 4
0.106094 1
0.180073 1
0.327369 1
0.374073 1
0.348656 5
1.927985 1
0.969771 4
0.618906 1
0.251985 1
0.355957 3
0.596735 2
0.001122 442
6.001961 1
0.165624 1
0.261229 1
0.181957 1
0.344220 1
1.117844 1
0.465670 1
0.297194 1
0.155871 1
0.101616 1
0.398602 1
1.401069 1
0.227179 1
0.308973 1
0.165016 2
0.478877 1
1.259999 1
0.261717 1
0.313703 1
0.347134 3
0.752588 1
0.362337 1
0.274424 3
0.371589 2
0.012644 625
1.892766 39
0.501242 73
0.030845 78
0.030246 61
0.030697 62
0.030133 66
0.030581 59
0.030671 41
0.030957 39
0.030685 61
0.030825 71
0.030842 66
0.030687 63
0.031419 43
0.030357 40
0.030681 39
0.030466 60
0.030857 85
0.030656 59
0.030421 45
0.029683 57
0.030674 57
0.030727 61
0.029569 53
0.029814 53
0.030714 61
0.031106 62
0.030862 43
0.030384 40
0.029819 39
0.030420 62
0.030142 81
0.029890 63
0.029844 54
0.389223 106
0.499638 53
0.031243 43
0.029702 54
0.030012 41
0.030978 72
0.030520 39
0.030764 73
0.031089 58
0.030615 58
0.030595 71
0.030796 39
0.030986 73
0.030586 73
0.031049 66
0.030435 76
0.030759 64
0.030897 60
0.030610 81
0.031229 43
0.030323 41
0.030890 71
0.030954 39
0.030466 73
0.030913 240
0.030698 76
2.744006 752
0.406997 786
0.301151 92
1.648053 78
1.977764 1
0.346182 1
0.567882 1
0.339993 1
0.303119 3
0.932879 1
0.378692 1
0.277340 1
0.364034 2
0.061215 29
0.245870 94
0.032624 95
0.005634 92
0.005119 105
0.019914 91
0.003819 98
0.078377 94
0.014094 95
0.003676 92
0.004218 105
0.004219 91
0.003095 98
0.057276 32
0.005630 39
0.007306 32
0.167755 31
0.805108 36
0.281331 30
0.041971 44
0.001687 52
0.001603 33
0.064732 42
0.836642 24
4.415942 31
0.047792 44
0.001583 34
0.001587 53
0.033204 32
0.006650 34
0.007121 40
0.008224 36
0.008866 38
0.008942 49
0.175882 42
0.014055 39
0.014169 35
0.181510 36
0.003403 32
0.038492 34
0.018809 36
0.039281 32
0.057373 60
0.155457 65
0.010099 43
0.497531 47
0.008970 27
0.011283 32
0.002395 25
0.064093 30
0.001727 56
0.006473 46
0.001769 47
0.003674 29
4.371525 34
3.090119 92
0.032999 59
8.968836 1
0.241254 1
0.351212 1
0.311955 1
0.161830 1
0.098964 1
0.830008 2
0.044518 83
0.001317 126
15.423075 1
0.397277 1
0.234846 1
0.680187 1
0.319806 4
0.647278 1
0.183517 1
0.130226 1
0.468241 2
1.820919 53
0.032828 24
0.000339 31
1.272168 1
0.221778 1
0.225617 1
0.387747 2
0.009474 466
1.662034 3
0.240315 1
0.316505 1
0.157648 1
0.147912 1
0.287379 7
0.344958 7
0.250856 7
0.471147 7
0.185675 7
0.779240 3
0.194602 3
0.169555 3
0.586226 2
0.023203 133
1.617747 1
0.909185 1
0.930806 1
0.314537 1
0.191166 2
0.480125 2
0.003862 384
10.832557 8
0.000619 34
0.001277 126
2.449225 6
